6.170000076293945312e+01
6.220000076293945312e+01
6.209999847412109375e+01
6.200000000000000000e+01
6.290000152587890625e+01
6.190000152587890625e+01
6.179999923706054688e+01
6.229999923706054688e+01
6.129999923706054688e+01
6.059999847412109375e+01
6.209999847412109375e+01
6.209999847412109375e+01
6.279999923706054688e+01
6.079999923706054688e+01
6.129999923706054688e+01
6.070000076293945312e+01
6.100000000000000000e+01
5.970000076293945312e+01
6.040000152587890625e+01
6.120000076293945312e+01
6.200000000000000000e+01
6.129999923706054688e+01
6.150000000000000000e+01
6.220000076293945312e+01
6.150000000000000000e+01
6.170000076293945312e+01
6.159999847412109375e+01
6.179999923706054688e+01
6.150000000000000000e+01
6.270000076293945312e+01
6.440000152587890625e+01
6.509999847412109375e+01
6.250000000000000000e+01
6.229999923706054688e+01
6.100000000000000000e+01
6.120000076293945312e+01
6.140000152587890625e+01
6.109999847412109375e+01
5.990000152587890625e+01
5.959999847412109375e+01
5.950000000000000000e+01
5.129999923706054688e+01
3.870000076293945312e+01
2.929999923706054688e+01
2.210000038146972656e+01
2.130000114440917969e+01
1.550000095367431641e+01
1.280000019073486328e+01
1.670000267028808594e+01
1.700000190734863281e+01
1.469999790191650391e+01
1.600000190734863281e+01
1.349999713897705078e+01
1.780000114440917969e+01
1.670000267028808594e+01
1.509999942779541016e+01
1.469999790191650391e+01
1.419999790191650391e+01
1.480000019073486328e+01
1.640000343322753906e+01
1.560000324249267578e+01
1.640000343322753906e+01
1.330000019073486328e+01
1.430000019073486328e+01
1.610000038146972656e+01
1.439999866485595703e+01
1.480000019073486328e+01
1.389999866485595703e+01
1.349999713897705078e+01
1.269999790191650391e+01
1.049999713897705078e+01
1.260000324249267578e+01
1.269999790191650391e+01
1.529999637603759766e+01
1.260000324249267578e+01
1.119999790191650391e+01
1.289999866485595703e+01
1.280000019073486328e+01
1.309999942779541016e+01
1.190000247955322266e+01
1.220000171661376953e+01
1.070000171661376953e+01
1.139999866485595703e+01
1.359999942779541016e+01
1.319999790191650391e+01
1.119999790191650391e+01
1.070000171661376953e+01
1.139999866485595703e+01
1.049999713897705078e+01
1.260000324249267578e+01
1.070000171661376953e+01
9.399998664855957031e+00
1.059999942779541016e+01
1.730000114440917969e+01
1.580000019073486328e+01
1.660000038146972656e+01
2.000000190734863281e+01
2.660000228881835938e+01
2.130000114440917969e+01
2.350000190734863281e+01
2.310000038146972656e+01
3.120000076293945312e+01
3.979999923706054688e+01
4.990000152587890625e+01
5.750000000000000000e+01
6.090000152587890625e+01
6.379999923706054688e+01
6.500000000000000000e+01
6.630000305175781250e+01
6.719999694824218750e+01
6.719999694824218750e+01
6.850000000000000000e+01
6.580000305175781250e+01
6.350000000000000000e+01
6.500000000000000000e+01
6.469999694824218750e+01
6.550000000000000000e+01
6.440000152587890625e+01
6.500000000000000000e+01
6.669999694824218750e+01
6.750000000000000000e+01
6.690000152587890625e+01
6.769999694824218750e+01
6.690000152587890625e+01
6.719999694824218750e+01
6.709999847412109375e+01
6.800000000000000000e+01
6.690000152587890625e+01
6.669999694824218750e+01
6.750000000000000000e+01
6.850000000000000000e+01
6.930000305175781250e+01
6.700000000000000000e+01
6.669999694824218750e+01
6.800000000000000000e+01
6.819999694824218750e+01
6.859999847412109375e+01
6.809999847412109375e+01
6.819999694824218750e+01
6.900000000000000000e+01
6.850000000000000000e+01
6.880000305175781250e+01
6.900000000000000000e+01
6.759999847412109375e+01
6.790000152587890625e+01
6.830000305175781250e+01
6.700000000000000000e+01
6.690000152587890625e+01
6.830000305175781250e+01
6.719999694824218750e+01
6.890000152587890625e+01
6.959999847412109375e+01
6.840000152587890625e+01
6.809999847412109375e+01
6.740000152587890625e+01
7.090000152587890625e+01
7.069999694824218750e+01
7.009999847412109375e+01
6.859999847412109375e+01
6.740000152587890625e+01
6.809999847412109375e+01
6.600000000000000000e+01
6.700000000000000000e+01
6.809999847412109375e+01
6.919999694824218750e+01
6.819999694824218750e+01
6.930000305175781250e+01
6.890000152587890625e+01
6.980000305175781250e+01
6.930000305175781250e+01
6.890000152587890625e+01
6.950000000000000000e+01
7.080000305175781250e+01
6.819999694824218750e+01
7.019999694824218750e+01
6.940000152587890625e+01
6.809999847412109375e+01
6.830000305175781250e+01
6.740000152587890625e+01
6.809999847412109375e+01
6.759999847412109375e+01
6.809999847412109375e+01
6.780000305175781250e+01
6.859999847412109375e+01
6.850000000000000000e+01
6.819999694824218750e+01
6.890000152587890625e+01
6.959999847412109375e+01
6.930000305175781250e+01
6.830000305175781250e+01
6.869999694824218750e+01
6.859999847412109375e+01
6.819999694824218750e+01
6.850000000000000000e+01
6.840000152587890625e+01
6.790000152587890625e+01
6.809999847412109375e+01
6.830000305175781250e+01
6.790000152587890625e+01
6.859999847412109375e+01
6.709999847412109375e+01
6.619999694824218750e+01
6.730000305175781250e+01
6.769999694824218750e+01
6.830000305175781250e+01
6.800000000000000000e+01
6.850000000000000000e+01
6.769999694824218750e+01
6.540000152587890625e+01
6.719999694824218750e+01
6.800000000000000000e+01
6.919999694824218750e+01
6.950000000000000000e+01
7.009999847412109375e+01
6.909999847412109375e+01
6.940000152587890625e+01
6.830000305175781250e+01
6.819999694824218750e+01
6.869999694824218750e+01
6.559999847412109375e+01
6.700000000000000000e+01
6.759999847412109375e+01
6.859999847412109375e+01
6.959999847412109375e+01
6.930000305175781250e+01
6.959999847412109375e+01
6.969999694824218750e+01
6.919999694824218750e+01
7.019999694824218750e+01
6.919999694824218750e+01
6.790000152587890625e+01
6.840000152587890625e+01
6.959999847412109375e+01
7.059999847412109375e+01
6.900000000000000000e+01
7.009999847412109375e+01
6.859999847412109375e+01
6.819999694824218750e+01
6.809999847412109375e+01
6.609999847412109375e+01
6.630000305175781250e+01
6.680000305175781250e+01
6.969999694824218750e+01
6.819999694824218750e+01
6.659999847412109375e+01
6.880000305175781250e+01
6.859999847412109375e+01
6.780000305175781250e+01
6.659999847412109375e+01
6.840000152587890625e+01
6.740000152587890625e+01
6.669999694824218750e+01
6.680000305175781250e+01
6.690000152587890625e+01
6.669999694824218750e+01
6.700000000000000000e+01
6.619999694824218750e+01
6.669999694824218750e+01
6.650000000000000000e+01
6.540000152587890625e+01
6.569999694824218750e+01
6.569999694824218750e+01
6.609999847412109375e+01
6.640000152587890625e+01
6.550000000000000000e+01
6.469999694824218750e+01
6.540000152587890625e+01
6.469999694824218750e+01
6.409999847412109375e+01
6.500000000000000000e+01
6.480000305175781250e+01
6.370000076293945312e+01
6.430000305175781250e+01
6.279999923706054688e+01
6.400000000000000000e+01
6.480000305175781250e+01
6.270000076293945312e+01
6.359999847412109375e+01
6.200000000000000000e+01
6.240000152587890625e+01
6.079999923706054688e+01
6.190000152587890625e+01
6.290000152587890625e+01
6.250000000000000000e+01
6.379999923706054688e+01
6.229999923706054688e+01
5.970000076293945312e+01
5.859999847412109375e+01
6.050000000000000000e+01
6.090000152587890625e+01
6.100000000000000000e+01
6.209999847412109375e+01
6.320000076293945312e+01
6.419999694824218750e+01
6.490000152587890625e+01
6.250000000000000000e+01
6.329999923706054688e+01
6.259999847412109375e+01
6.419999694824218750e+01
6.259999847412109375e+01
6.190000152587890625e+01
6.340000152587890625e+01
6.500000000000000000e+01
6.490000152587890625e+01
6.490000152587890625e+01
6.229999923706054688e+01
6.359999847412109375e+01
6.370000076293945312e+01
6.340000152587890625e+01
6.379999923706054688e+01
6.240000152587890625e+01
6.220000076293945312e+01
6.179999923706054688e+01
6.029999923706054688e+01
6.020000076293945312e+01
6.000000000000000000e+01
6.020000076293945312e+01
6.150000000000000000e+01
6.140000152587890625e+01
6.190000152587890625e+01
5.759999847412109375e+01
4.790000152587890625e+01
3.779999923706054688e+01
2.750000190734863281e+01
2.069999885559082031e+01
1.889999961853027344e+01
1.480000019073486328e+01
1.719999885559082031e+01
1.450000095367431641e+01
1.280000019073486328e+01
1.400000095367431641e+01
1.660000038146972656e+01
1.459999942779541016e+01
1.300000095367431641e+01
1.989999961853027344e+01
2.050000190734863281e+01
1.520000171661376953e+01
1.400000095367431641e+01
1.509999942779541016e+01
1.870000267028808594e+01
2.100000190734863281e+01
1.490000247955322266e+01
1.439999866485595703e+01
1.499999713897705078e+01
1.600000190734863281e+01
1.459999942779541016e+01
1.450000095367431641e+01
1.190000247955322266e+01
1.070000171661376953e+01
1.000000095367431641e+01
1.089999866485595703e+01
1.220000171661376953e+01
1.000000095367431641e+01
9.800000190734863281e+00
9.699997901916503906e+00
1.030000019073486328e+01
1.049999713897705078e+01
1.229999637603759766e+01
1.119999790191650391e+01
1.049999713897705078e+01
1.040000247955322266e+01
9.500000953674316406e+00
1.049999713897705078e+01
1.119999790191650391e+01
1.199999713897705078e+01
1.830000114440917969e+01
2.000000190734863281e+01
1.730000114440917969e+01
1.319999790191650391e+01
1.340000247955322266e+01
2.110000038146972656e+01
1.870000267028808594e+01
1.660000038146972656e+01
1.600000190734863281e+01
1.660000038146972656e+01
1.630000114440917969e+01
1.679999732971191406e+01
2.270000267028808594e+01
3.609999847412109375e+01
4.140000152587890625e+01
4.659999847412109375e+01
4.520000076293945312e+01
4.159999847412109375e+01
4.650000000000000000e+01
5.279999923706054688e+01
5.520000076293945312e+01
5.779999923706054688e+01
6.009999847412109375e+01
6.170000076293945312e+01
6.379999923706054688e+01
6.619999694824218750e+01
6.619999694824218750e+01
6.609999847412109375e+01
6.609999847412109375e+01
6.819999694824218750e+01
6.619999694824218750e+01
6.700000000000000000e+01
6.750000000000000000e+01
6.600000000000000000e+01
6.690000152587890625e+01
6.500000000000000000e+01
6.469999694824218750e+01
6.290000152587890625e+01
6.370000076293945312e+01
6.440000152587890625e+01
6.530000305175781250e+01
6.540000152587890625e+01
6.559999847412109375e+01
6.740000152587890625e+01
6.780000305175781250e+01
6.790000152587890625e+01
6.859999847412109375e+01
6.969999694824218750e+01
6.930000305175781250e+01
6.859999847412109375e+01
6.909999847412109375e+01
6.809999847412109375e+01
6.750000000000000000e+01
6.859999847412109375e+01
6.740000152587890625e+01
6.669999694824218750e+01
6.600000000000000000e+01
6.430000305175781250e+01
6.140000152587890625e+01
6.279999923706054688e+01
6.190000152587890625e+01
6.340000152587890625e+01
6.279999923706054688e+01
6.390000152587890625e+01
6.329999923706054688e+01
6.509999847412109375e+01
6.540000152587890625e+01
6.569999694824218750e+01
6.569999694824218750e+01
6.680000305175781250e+01
6.609999847412109375e+01
6.759999847412109375e+01
6.730000305175781250e+01
6.780000305175781250e+01
6.740000152587890625e+01
6.590000152587890625e+01
6.709999847412109375e+01
6.630000305175781250e+01
6.809999847412109375e+01
6.890000152587890625e+01
6.850000000000000000e+01
6.869999694824218750e+01
6.930000305175781250e+01
6.830000305175781250e+01
6.850000000000000000e+01
6.850000000000000000e+01
6.759999847412109375e+01
6.730000305175781250e+01
6.769999694824218750e+01
6.669999694824218750e+01
6.480000305175781250e+01
6.690000152587890625e+01
6.590000152587890625e+01
6.659999847412109375e+01
6.690000152587890625e+01
6.690000152587890625e+01
6.780000305175781250e+01
6.680000305175781250e+01
6.769999694824218750e+01
6.769999694824218750e+01
6.850000000000000000e+01
6.469999694824218750e+01
6.500000000000000000e+01
6.840000152587890625e+01
6.800000000000000000e+01
6.009999847412109375e+01
5.720000076293945312e+01
6.120000076293945312e+01
6.440000152587890625e+01
6.750000000000000000e+01
6.850000000000000000e+01
6.830000305175781250e+01
6.850000000000000000e+01
6.840000152587890625e+01
6.730000305175781250e+01
6.650000000000000000e+01
6.890000152587890625e+01
6.700000000000000000e+01
6.680000305175781250e+01
6.700000000000000000e+01
6.750000000000000000e+01
6.609999847412109375e+01
6.640000152587890625e+01
6.640000152587890625e+01
6.690000152587890625e+01
6.850000000000000000e+01
6.790000152587890625e+01
6.719999694824218750e+01
6.790000152587890625e+01
6.900000000000000000e+01
6.430000305175781250e+01
6.229999923706054688e+01
6.509999847412109375e+01
5.979999923706054688e+01
6.459999847412109375e+01
6.519999694824218750e+01
6.640000152587890625e+01
6.640000152587890625e+01
6.690000152587890625e+01
6.650000000000000000e+01
5.790000152587890625e+01
5.479999923706054688e+01
6.209999847412109375e+01
6.350000000000000000e+01
5.729999923706054688e+01
6.259999847412109375e+01
6.450000000000000000e+01
6.609999847412109375e+01
6.590000152587890625e+01
6.390000152587890625e+01
6.500000000000000000e+01
6.569999694824218750e+01
6.659999847412109375e+01
6.259999847412109375e+01
6.540000152587890625e+01
6.690000152587890625e+01
6.630000305175781250e+01
6.769999694824218750e+01
6.809999847412109375e+01
6.890000152587890625e+01
6.719999694824218750e+01
6.490000152587890625e+01
6.550000000000000000e+01
6.759999847412109375e+01
6.709999847412109375e+01
6.830000305175781250e+01
6.700000000000000000e+01
6.790000152587890625e+01
6.769999694824218750e+01
6.700000000000000000e+01
6.519999694824218750e+01
6.669999694824218750e+01
6.759999847412109375e+01
6.819999694824218750e+01
6.800000000000000000e+01
6.880000305175781250e+01
6.859999847412109375e+01
6.800000000000000000e+01
6.790000152587890625e+01
6.519999694824218750e+01
6.530000305175781250e+01
6.530000305175781250e+01
6.609999847412109375e+01
6.590000152587890625e+01
6.509999847412109375e+01
6.659999847412109375e+01
6.640000152587890625e+01
6.819999694824218750e+01
6.930000305175781250e+01
6.909999847412109375e+01
6.850000000000000000e+01
6.780000305175781250e+01
6.669999694824218750e+01
6.500000000000000000e+01
6.430000305175781250e+01
6.440000152587890625e+01
6.309999847412109375e+01
6.270000076293945312e+01
6.120000076293945312e+01
6.159999847412109375e+01
5.920000076293945312e+01
5.950000000000000000e+01
5.770000076293945312e+01
5.870000076293945312e+01
6.029999923706054688e+01
5.979999923706054688e+01
5.970000076293945312e+01
6.050000000000000000e+01
6.150000000000000000e+01
6.250000000000000000e+01
6.200000000000000000e+01
6.120000076293945312e+01
6.029999923706054688e+01
5.990000152587890625e+01
5.900000000000000000e+01
5.909999847412109375e+01
5.709999847412109375e+01
5.829999923706054688e+01
5.970000076293945312e+01
5.470000076293945312e+01
5.590000152587890625e+01
5.820000076293945312e+01
6.159999847412109375e+01
5.859999847412109375e+01
6.100000000000000000e+01
6.250000000000000000e+01
6.320000076293945312e+01
6.250000000000000000e+01
6.320000076293945312e+01
6.159999847412109375e+01
6.120000076293945312e+01
6.179999923706054688e+01
6.090000152587890625e+01
6.100000000000000000e+01
6.120000076293945312e+01
6.170000076293945312e+01
6.140000152587890625e+01
5.990000152587890625e+01
5.929999923706054688e+01
5.859999847412109375e+01
6.079999923706054688e+01
6.179999923706054688e+01
6.229999923706054688e+01
6.140000152587890625e+01
6.090000152587890625e+01
6.079999923706054688e+01
6.200000000000000000e+01
6.140000152587890625e+01
6.109999847412109375e+01
6.000000000000000000e+01
4.550000000000000000e+01
2.850000190734863281e+01
1.710000419616699219e+01
1.229999637603759766e+01
1.260000324249267578e+01
1.280000019073486328e+01
1.229999637603759766e+01
1.289999866485595703e+01
1.110000324249267578e+01
1.550000095367431641e+01
1.419999790191650391e+01
1.389999866485595703e+01
1.410000324249267578e+01
1.370000171661376953e+01
1.499999713897705078e+01
1.980000114440917969e+01
1.430000019073486328e+01
1.529999637603759766e+01
1.619999885559082031e+01
1.769999885559082031e+01
1.520000171661376953e+01
1.119999790191650391e+01
1.199999713897705078e+01
1.529999637603759766e+01
1.910000038146972656e+01
2.080000114440917969e+01
1.730000114440917969e+01
1.839999961853027344e+01
1.450000095367431641e+01
1.600000190734863281e+01
1.670000267028808594e+01
1.499999713897705078e+01
1.450000095367431641e+01
1.459999942779541016e+01
1.499999713897705078e+01
1.389999866485595703e+01
1.199999713897705078e+01
1.250000095367431641e+01
1.150000095367431641e+01
8.199997901916503906e+00
7.899998664855957031e+00
1.340000247955322266e+01
1.970000267028808594e+01
2.080000114440917969e+01
1.839999961853027344e+01
2.030000114440917969e+01
1.830000114440917969e+01
3.250000000000000000e+01
4.070000076293945312e+01
4.750000000000000000e+01
4.959999847412109375e+01
4.860000228881835938e+01
5.229999923706054688e+01
4.920000076293945312e+01
3.320000076293945312e+01
2.410000038146972656e+01
1.950000190734863281e+01
2.470000076293945312e+01
4.110000228881835938e+01
5.209999847412109375e+01
5.870000076293945312e+01
6.120000076293945312e+01
6.270000076293945312e+01
6.409999847412109375e+01
6.250000000000000000e+01
5.790000152587890625e+01
4.620000076293945312e+01
2.850000190734863281e+01
1.730000114440917969e+01
1.349999713897705078e+01
1.850000190734863281e+01
4.220000076293945312e+01
5.609999847412109375e+01
5.979999923706054688e+01
6.140000152587890625e+01
6.340000152587890625e+01
6.350000000000000000e+01
6.440000152587890625e+01
6.329999923706054688e+01
6.519999694824218750e+01
6.659999847412109375e+01
6.580000305175781250e+01
6.650000000000000000e+01
6.659999847412109375e+01
6.890000152587890625e+01
6.669999694824218750e+01
6.609999847412109375e+01
6.650000000000000000e+01
6.509999847412109375e+01
6.500000000000000000e+01
6.569999694824218750e+01
6.509999847412109375e+01
6.819999694824218750e+01
6.850000000000000000e+01
6.800000000000000000e+01
6.759999847412109375e+01
6.659999847412109375e+01
6.650000000000000000e+01
6.800000000000000000e+01
6.790000152587890625e+01
6.719999694824218750e+01
6.559999847412109375e+01
6.580000305175781250e+01
6.640000152587890625e+01
6.270000076293945312e+01
6.279999923706054688e+01
6.090000152587890625e+01
6.359999847412109375e+01
6.519999694824218750e+01
6.590000152587890625e+01
6.640000152587890625e+01
6.640000152587890625e+01
6.400000000000000000e+01
6.109999847412109375e+01
6.379999923706054688e+01
6.459999847412109375e+01
6.769999694824218750e+01
6.580000305175781250e+01
6.430000305175781250e+01
6.519999694824218750e+01
6.050000000000000000e+01
6.250000000000000000e+01
6.450000000000000000e+01
6.580000305175781250e+01
6.320000076293945312e+01
5.770000076293945312e+01
6.129999923706054688e+01
6.329999923706054688e+01
6.640000152587890625e+01
6.800000000000000000e+01
6.669999694824218750e+01
6.769999694824218750e+01
6.709999847412109375e+01
6.780000305175781250e+01
6.840000152587890625e+01
6.850000000000000000e+01
6.819999694824218750e+01
6.719999694824218750e+01
6.619999694824218750e+01
6.759999847412109375e+01
6.790000152587890625e+01
6.800000000000000000e+01
6.809999847412109375e+01
6.900000000000000000e+01
6.869999694824218750e+01
6.719999694824218750e+01
6.480000305175781250e+01
6.600000000000000000e+01
6.109999847412109375e+01
6.630000305175781250e+01
6.700000000000000000e+01
6.830000305175781250e+01
6.379999923706054688e+01
6.580000305175781250e+01
5.650000000000000000e+01
5.350000000000000000e+01
6.350000000000000000e+01
6.200000000000000000e+01
6.690000152587890625e+01
6.490000152587890625e+01
5.779999923706054688e+01
6.480000305175781250e+01
6.359999847412109375e+01
6.009999847412109375e+01
6.250000000000000000e+01
6.270000076293945312e+01
6.650000000000000000e+01
5.779999923706054688e+01
5.329999923706054688e+01
4.770000076293945312e+01
4.620000076293945312e+01
5.070000076293945312e+01
5.290000152587890625e+01
5.679999923706054688e+01
6.300000000000000000e+01
6.000000000000000000e+01
6.379999923706054688e+01
5.829999923706054688e+01
5.670000076293945312e+01
5.659999847412109375e+01
5.350000000000000000e+01
5.400000000000000000e+01
5.370000076293945312e+01
5.450000000000000000e+01
5.929999923706054688e+01
6.240000152587890625e+01
6.500000000000000000e+01
6.329999923706054688e+01
6.419999694824218750e+01
6.290000152587890625e+01
6.430000305175781250e+01
6.309999847412109375e+01
6.400000000000000000e+01
6.459999847412109375e+01
6.320000076293945312e+01
6.509999847412109375e+01
6.580000305175781250e+01
6.680000305175781250e+01
6.640000152587890625e+01
6.650000000000000000e+01
6.580000305175781250e+01
6.469999694824218750e+01
6.440000152587890625e+01
6.329999923706054688e+01
6.490000152587890625e+01
6.480000305175781250e+01
6.480000305175781250e+01
6.609999847412109375e+01
6.580000305175781250e+01
6.650000000000000000e+01
6.609999847412109375e+01
6.590000152587890625e+01
6.669999694824218750e+01
6.669999694824218750e+01
6.780000305175781250e+01
6.650000000000000000e+01
6.550000000000000000e+01
6.370000076293945312e+01
6.359999847412109375e+01
6.000000000000000000e+01
6.079999923706054688e+01
6.240000152587890625e+01
6.350000000000000000e+01
6.379999923706054688e+01
6.619999694824218750e+01
6.379999923706054688e+01
6.419999694824218750e+01
6.259999847412109375e+01
6.250000000000000000e+01
6.309999847412109375e+01
6.409999847412109375e+01
6.400000000000000000e+01
6.259999847412109375e+01
6.329999923706054688e+01
6.270000076293945312e+01
6.290000152587890625e+01
6.220000076293945312e+01
6.379999923706054688e+01
6.290000152587890625e+01
6.059999847412109375e+01
6.040000152587890625e+01
6.129999923706054688e+01
6.170000076293945312e+01
6.170000076293945312e+01
6.270000076293945312e+01
6.290000152587890625e+01
6.220000076293945312e+01
6.150000000000000000e+01
6.059999847412109375e+01
6.000000000000000000e+01
5.940000152587890625e+01
6.100000000000000000e+01
6.009999847412109375e+01
5.990000152587890625e+01
5.920000076293945312e+01
6.050000000000000000e+01
5.990000152587890625e+01
6.109999847412109375e+01
5.979999923706054688e+01
5.720000076293945312e+01
5.640000152587890625e+01
5.890000152587890625e+01
5.690000152587890625e+01
5.729999923706054688e+01
5.909999847412109375e+01
6.059999847412109375e+01
6.000000000000000000e+01
6.000000000000000000e+01
5.879999923706054688e+01
6.029999923706054688e+01
6.270000076293945312e+01
6.220000076293945312e+01
6.209999847412109375e+01
6.129999923706054688e+01
6.250000000000000000e+01
6.170000076293945312e+01
6.220000076293945312e+01
6.050000000000000000e+01
5.990000152587890625e+01
6.200000000000000000e+01
6.250000000000000000e+01
6.059999847412109375e+01
6.140000152587890625e+01
5.640000152587890625e+01
5.259999847412109375e+01
5.690000152587890625e+01
5.059999847412109375e+01
5.029999923706054688e+01
5.150000000000000000e+01
5.640000152587890625e+01
5.879999923706054688e+01
5.879999923706054688e+01
5.829999923706054688e+01
5.670000076293945312e+01
4.110000228881835938e+01
2.620000076293945312e+01
2.720000267028808594e+01
3.709999847412109375e+01
3.410000228881835938e+01
3.370000076293945312e+01
3.550000000000000000e+01
3.670000076293945312e+01
3.720000076293945312e+01
4.029999923706054688e+01
4.179999923706054688e+01
4.340000152587890625e+01
4.429999923706054688e+01
4.059999847412109375e+01
4.379999923706054688e+01
4.220000076293945312e+01
4.190000152587890625e+01
2.910000038146972656e+01
2.120000267028808594e+01
1.520000171661376953e+01
1.619999885559082031e+01
1.359999942779541016e+01
1.009999942779541016e+01
8.500000953674316406e+00
8.999997138977050781e+00
1.019999790191650391e+01
1.199999713897705078e+01
1.930000114440917969e+01
2.310000038146972656e+01
2.350000190734863281e+01
1.970000267028808594e+01
1.589999866485595703e+01
1.419999790191650391e+01
1.389999866485595703e+01
1.190000247955322266e+01
1.079999637603759766e+01
1.469999790191650391e+01
1.820000267028808594e+01
1.710000419616699219e+01
2.000000190734863281e+01
1.719999885559082031e+01
1.589999866485595703e+01
1.719999885559082031e+01
1.760000038146972656e+01
1.780000114440917969e+01
1.800000190734863281e+01
2.239999961853027344e+01
3.010000038146972656e+01
4.029999923706054688e+01
4.679999923706054688e+01
5.579999923706054688e+01
5.779999923706054688e+01
5.959999847412109375e+01
5.870000076293945312e+01
5.809999847412109375e+01
6.120000076293945312e+01
6.209999847412109375e+01
6.320000076293945312e+01
6.290000152587890625e+01
6.419999694824218750e+01
6.450000000000000000e+01
6.500000000000000000e+01
6.519999694824218750e+01
6.680000305175781250e+01
6.430000305175781250e+01
6.519999694824218750e+01
6.540000152587890625e+01
6.569999694824218750e+01
6.540000152587890625e+01
6.559999847412109375e+01
6.530000305175781250e+01
6.359999847412109375e+01
6.379999923706054688e+01
6.509999847412109375e+01
6.719999694824218750e+01
6.709999847412109375e+01
6.930000305175781250e+01
6.890000152587890625e+01
6.869999694824218750e+01
7.050000000000000000e+01
6.919999694824218750e+01
6.830000305175781250e+01
6.919999694824218750e+01
6.990000152587890625e+01
6.990000152587890625e+01
6.890000152587890625e+01
6.869999694824218750e+01
6.769999694824218750e+01
6.700000000000000000e+01
6.659999847412109375e+01
6.680000305175781250e+01
6.780000305175781250e+01
6.840000152587890625e+01
6.809999847412109375e+01
6.890000152587890625e+01
6.919999694824218750e+01
6.950000000000000000e+01
6.969999694824218750e+01
6.969999694824218750e+01
6.930000305175781250e+01
6.909999847412109375e+01
6.850000000000000000e+01
6.759999847412109375e+01
6.890000152587890625e+01
6.630000305175781250e+01
6.719999694824218750e+01
6.690000152587890625e+01
6.170000076293945312e+01
6.509999847412109375e+01
6.880000305175781250e+01
6.840000152587890625e+01
6.959999847412109375e+01
6.880000305175781250e+01
6.430000305175781250e+01
6.490000152587890625e+01
6.590000152587890625e+01
6.150000000000000000e+01
6.309999847412109375e+01
6.800000000000000000e+01
6.430000305175781250e+01
6.780000305175781250e+01
6.619999694824218750e+01
6.690000152587890625e+01
6.170000076293945312e+01
6.459999847412109375e+01
6.659999847412109375e+01
6.750000000000000000e+01
6.609999847412109375e+01
6.690000152587890625e+01
6.780000305175781250e+01
6.859999847412109375e+01
6.919999694824218750e+01
6.919999694824218750e+01
6.900000000000000000e+01
6.809999847412109375e+01
6.109999847412109375e+01
6.730000305175781250e+01
6.459999847412109375e+01
6.680000305175781250e+01
6.790000152587890625e+01
6.769999694824218750e+01
6.800000000000000000e+01
6.859999847412109375e+01
6.780000305175781250e+01
6.819999694824218750e+01
6.790000152587890625e+01
6.800000000000000000e+01
6.819999694824218750e+01
6.750000000000000000e+01
6.780000305175781250e+01
6.909999847412109375e+01
6.709999847412109375e+01
6.790000152587890625e+01
6.630000305175781250e+01
6.740000152587890625e+01
6.519999694824218750e+01
6.650000000000000000e+01
6.759999847412109375e+01
6.090000152587890625e+01
6.480000305175781250e+01
6.469999694824218750e+01
6.050000000000000000e+01
6.350000000000000000e+01
6.640000152587890625e+01
5.950000000000000000e+01
6.359999847412109375e+01
6.390000152587890625e+01
6.559999847412109375e+01
5.850000000000000000e+01
6.409999847412109375e+01
5.690000152587890625e+01
6.370000076293945312e+01
6.500000000000000000e+01
6.580000305175781250e+01
6.659999847412109375e+01
6.600000000000000000e+01
6.480000305175781250e+01
6.490000152587890625e+01
6.569999694824218750e+01
6.609999847412109375e+01
6.809999847412109375e+01
6.659999847412109375e+01
6.640000152587890625e+01
6.500000000000000000e+01
6.619999694824218750e+01
6.769999694824218750e+01
6.700000000000000000e+01
6.609999847412109375e+01
6.609999847412109375e+01
6.630000305175781250e+01
6.819999694824218750e+01
6.730000305175781250e+01
5.890000152587890625e+01
6.450000000000000000e+01
6.630000305175781250e+01
6.690000152587890625e+01
6.759999847412109375e+01
6.609999847412109375e+01
6.669999694824218750e+01
6.659999847412109375e+01
6.590000152587890625e+01
6.669999694824218750e+01
6.430000305175781250e+01
6.630000305175781250e+01
6.709999847412109375e+01
6.719999694824218750e+01
6.700000000000000000e+01
6.469999694824218750e+01
5.540000152587890625e+01
3.220000076293945312e+01
2.020000267028808594e+01
1.400000095367431641e+01
1.079999637603759766e+01
9.600003242492675781e+00
1.030000019073486328e+01
1.469999790191650391e+01
1.600000190734863281e+01
1.619999885559082031e+01
3.920000076293945312e+01
5.190000152587890625e+01
5.779999923706054688e+01
6.059999847412109375e+01
6.200000000000000000e+01
6.300000000000000000e+01
6.379999923706054688e+01
6.209999847412109375e+01
6.309999847412109375e+01
6.340000152587890625e+01
6.229999923706054688e+01
6.100000000000000000e+01
6.109999847412109375e+01
6.159999847412109375e+01
6.150000000000000000e+01
6.220000076293945312e+01
6.390000152587890625e+01
6.220000076293945312e+01
6.190000152587890625e+01
6.140000152587890625e+01
6.220000076293945312e+01
6.159999847412109375e+01
5.950000000000000000e+01
6.000000000000000000e+01
5.929999923706054688e+01
5.859999847412109375e+01
5.900000000000000000e+01
6.000000000000000000e+01
5.420000076293945312e+01
5.629999923706054688e+01
5.929999923706054688e+01
6.040000152587890625e+01
6.050000000000000000e+01
5.929999923706054688e+01
5.620000076293945312e+01
5.300000000000000000e+01
5.490000152587890625e+01
5.720000076293945312e+01
5.800000000000000000e+01
5.759999847412109375e+01
5.959999847412109375e+01
6.100000000000000000e+01
5.490000152587890625e+01
5.450000000000000000e+01
5.470000076293945312e+01
5.659999847412109375e+01
5.740000152587890625e+01
5.990000152587890625e+01
6.109999847412109375e+01
6.040000152587890625e+01
5.990000152587890625e+01
5.850000000000000000e+01
5.309999847412109375e+01
5.750000000000000000e+01
5.940000152587890625e+01
6.079999923706054688e+01
5.859999847412109375e+01
5.850000000000000000e+01
5.759999847412109375e+01
5.890000152587890625e+01
5.429999923706054688e+01
5.420000076293945312e+01
5.670000076293945312e+01
5.550000000000000000e+01
3.359999847412109375e+01
2.389999961853027344e+01
2.260000038146972656e+01
2.460000038146972656e+01
2.710000038146972656e+01
2.120000267028808594e+01
2.219999885559082031e+01
2.680000114440917969e+01
1.960000038146972656e+01
1.760000038146972656e+01
1.539999866485595703e+01
1.539999866485595703e+01
1.410000324249267578e+01
1.340000247955322266e+01
1.550000095367431641e+01
1.379999637603759766e+01
1.280000019073486328e+01
1.439999866485595703e+01
1.560000324249267578e+01
1.349999713897705078e+01
1.089999866485595703e+01
1.100000095367431641e+01
1.430000019073486328e+01
1.370000171661376953e+01
1.319999790191650391e+01
1.239999866485595703e+01
9.600003242492675781e+00
1.030000019073486328e+01
1.280000019073486328e+01
1.309999942779541016e+01
1.509999942779541016e+01
1.670000267028808594e+01
1.499999713897705078e+01
1.349999713897705078e+01
1.410000324249267578e+01
1.520000171661376953e+01
1.319999790191650391e+01
1.280000019073486328e+01
1.180000019073486328e+01
1.009999942779541016e+01
9.800000190734863281e+00
1.009999942779541016e+01
1.300000095367431641e+01
1.100000095367431641e+01
9.200001716613769531e+00
9.299996376037597656e+00
1.180000019073486328e+01
1.919999885559082031e+01
1.870000267028808594e+01
1.490000247955322266e+01
1.490000247955322266e+01
1.769999885559082031e+01
1.640000343322753906e+01
1.499999713897705078e+01
1.600000190734863281e+01
2.110000038146972656e+01
2.189999961853027344e+01
3.450000000000000000e+01
4.240000152587890625e+01
4.540000152587890625e+01
5.190000152587890625e+01
5.659999847412109375e+01
5.990000152587890625e+01
6.259999847412109375e+01
6.469999694824218750e+01
6.519999694824218750e+01
6.430000305175781250e+01
6.640000152587890625e+01
6.490000152587890625e+01
6.590000152587890625e+01
6.209999847412109375e+01
6.250000000000000000e+01
6.409999847412109375e+01
6.630000305175781250e+01
6.519999694824218750e+01
6.590000152587890625e+01
6.540000152587890625e+01
6.569999694824218750e+01
6.659999847412109375e+01
6.409999847412109375e+01
6.700000000000000000e+01
6.719999694824218750e+01
6.750000000000000000e+01
6.700000000000000000e+01
6.769999694824218750e+01
6.759999847412109375e+01
6.800000000000000000e+01
6.900000000000000000e+01
6.850000000000000000e+01
6.800000000000000000e+01
6.809999847412109375e+01
6.809999847412109375e+01
6.809999847412109375e+01
6.790000152587890625e+01
6.650000000000000000e+01
6.650000000000000000e+01
6.809999847412109375e+01
6.750000000000000000e+01
6.790000152587890625e+01
6.869999694824218750e+01
6.680000305175781250e+01
6.700000000000000000e+01
6.769999694824218750e+01
6.850000000000000000e+01
6.959999847412109375e+01
7.000000000000000000e+01
6.740000152587890625e+01
6.850000000000000000e+01
6.900000000000000000e+01
6.990000152587890625e+01
6.890000152587890625e+01
6.830000305175781250e+01
6.279999923706054688e+01
6.530000305175781250e+01
6.730000305175781250e+01
6.859999847412109375e+01
6.719999694824218750e+01
6.659999847412109375e+01
6.730000305175781250e+01
6.669999694824218750e+01
6.640000152587890625e+01
6.459999847412109375e+01
6.459999847412109375e+01
6.440000152587890625e+01
6.759999847412109375e+01
6.590000152587890625e+01
6.630000305175781250e+01
6.469999694824218750e+01
6.580000305175781250e+01
6.769999694824218750e+01
6.590000152587890625e+01
6.700000000000000000e+01
6.430000305175781250e+01
6.609999847412109375e+01
6.300000000000000000e+01
5.409999847412109375e+01
6.490000152587890625e+01
6.379999923706054688e+01
6.750000000000000000e+01
6.709999847412109375e+01
6.459999847412109375e+01
6.630000305175781250e+01
6.719999694824218750e+01
6.259999847412109375e+01
6.480000305175781250e+01
6.790000152587890625e+01
6.640000152587890625e+01
5.970000076293945312e+01
6.500000000000000000e+01
6.580000305175781250e+01
6.800000000000000000e+01
6.819999694824218750e+01
6.719999694824218750e+01
6.719999694824218750e+01
6.780000305175781250e+01
6.079999923706054688e+01
6.329999923706054688e+01
6.480000305175781250e+01
5.779999923706054688e+01
6.309999847412109375e+01
6.379999923706054688e+01
6.630000305175781250e+01
6.550000000000000000e+01
6.630000305175781250e+01
6.700000000000000000e+01
6.680000305175781250e+01
6.709999847412109375e+01
6.819999694824218750e+01
6.659999847412109375e+01
6.880000305175781250e+01
5.559999847412109375e+01
6.140000152587890625e+01
6.469999694824218750e+01
6.669999694824218750e+01
6.769999694824218750e+01
6.730000305175781250e+01
6.919999694824218750e+01
6.290000152587890625e+01
6.240000152587890625e+01
5.940000152587890625e+01
5.950000000000000000e+01
5.170000076293945312e+01
6.059999847412109375e+01
5.920000076293945312e+01
6.309999847412109375e+01
6.700000000000000000e+01
6.680000305175781250e+01
6.209999847412109375e+01
6.400000000000000000e+01
6.240000152587890625e+01
5.950000000000000000e+01
5.020000076293945312e+01
5.079999923706054688e+01
4.940000152587890625e+01
5.609999847412109375e+01
6.009999847412109375e+01
6.309999847412109375e+01
6.540000152587890625e+01
6.769999694824218750e+01
6.490000152587890625e+01
6.600000000000000000e+01
6.600000000000000000e+01
6.630000305175781250e+01
6.580000305175781250e+01
6.250000000000000000e+01
6.419999694824218750e+01
6.580000305175781250e+01
6.550000000000000000e+01
6.469999694824218750e+01
6.459999847412109375e+01
6.650000000000000000e+01
6.630000305175781250e+01
6.709999847412109375e+01
6.719999694824218750e+01
6.609999847412109375e+01
6.690000152587890625e+01
6.719999694824218750e+01
6.559999847412109375e+01
6.609999847412109375e+01
6.290000152587890625e+01
6.040000152587890625e+01
6.009999847412109375e+01
6.300000000000000000e+01
6.259999847412109375e+01
6.409999847412109375e+01
6.329999923706054688e+01
6.390000152587890625e+01
6.559999847412109375e+01
6.419999694824218750e+01
6.390000152587890625e+01
6.359999847412109375e+01
6.450000000000000000e+01
6.350000000000000000e+01
6.229999923706054688e+01
6.340000152587890625e+01
6.340000152587890625e+01
6.259999847412109375e+01
6.370000076293945312e+01
6.179999923706054688e+01
6.150000000000000000e+01
6.029999923706054688e+01
6.100000000000000000e+01
6.020000076293945312e+01
5.829999923706054688e+01
5.879999923706054688e+01
5.959999847412109375e+01
5.909999847412109375e+01
5.970000076293945312e+01
5.990000152587890625e+01
5.950000000000000000e+01
5.850000000000000000e+01
6.029999923706054688e+01
6.100000000000000000e+01
6.170000076293945312e+01
6.159999847412109375e+01
6.209999847412109375e+01
6.209999847412109375e+01
5.970000076293945312e+01
6.129999923706054688e+01
6.090000152587890625e+01
6.100000000000000000e+01
6.209999847412109375e+01
6.170000076293945312e+01
6.129999923706054688e+01
6.070000076293945312e+01
6.379999923706054688e+01
6.440000152587890625e+01
6.400000000000000000e+01
6.320000076293945312e+01
6.350000000000000000e+01
6.240000152587890625e+01
6.259999847412109375e+01
6.170000076293945312e+01
6.090000152587890625e+01
6.109999847412109375e+01
6.190000152587890625e+01
6.390000152587890625e+01
6.190000152587890625e+01
6.159999847412109375e+01
6.159999847412109375e+01
6.079999923706054688e+01
6.020000076293945312e+01
6.170000076293945312e+01
6.259999847412109375e+01
6.179999923706054688e+01
6.209999847412109375e+01
6.240000152587890625e+01
6.170000076293945312e+01
6.159999847412109375e+01
6.140000152587890625e+01
5.779999923706054688e+01
5.929999923706054688e+01
5.979999923706054688e+01
5.450000000000000000e+01
3.479999923706054688e+01
2.430000114440917969e+01
1.930000114440917969e+01
1.850000190734863281e+01
1.980000114440917969e+01
2.450000190734863281e+01
3.200000000000000000e+01
3.500000000000000000e+01
3.759999847412109375e+01
4.479999923706054688e+01
5.309999847412109375e+01
5.670000076293945312e+01
5.690000152587890625e+01
5.229999923706054688e+01
5.159999847412109375e+01
4.850000000000000000e+01
4.760000228881835938e+01
4.760000228881835938e+01
5.029999923706054688e+01
4.670000076293945312e+01
5.029999923706054688e+01
4.790000152587890625e+01
4.760000228881835938e+01
4.900000000000000000e+01
4.740000152587890625e+01
4.320000076293945312e+01
3.110000228881835938e+01
2.160000038146972656e+01
1.930000114440917969e+01
1.649999809265136719e+01
1.569999790191650391e+01
1.700000190734863281e+01
1.930000114440917969e+01
2.170000267028808594e+01
1.359999942779541016e+01
1.070000171661376953e+01
7.899998664855957031e+00
7.000000953674316406e+00
1.260000324249267578e+01
1.499999713897705078e+01
1.610000038146972656e+01
1.670000267028808594e+01
1.930000114440917969e+01
2.120000267028808594e+01
2.030000114440917969e+01
3.060000038146972656e+01
3.970000076293945312e+01
4.629999923706054688e+01
5.350000000000000000e+01
5.840000152587890625e+01
5.909999847412109375e+01
5.890000152587890625e+01
5.950000000000000000e+01
6.150000000000000000e+01
6.240000152587890625e+01
6.390000152587890625e+01
6.540000152587890625e+01
6.600000000000000000e+01
6.509999847412109375e+01
6.259999847412109375e+01
6.309999847412109375e+01
6.240000152587890625e+01
6.240000152587890625e+01
6.229999923706054688e+01
6.509999847412109375e+01
6.530000305175781250e+01
6.590000152587890625e+01
6.530000305175781250e+01
6.340000152587890625e+01
6.419999694824218750e+01
6.329999923706054688e+01
6.540000152587890625e+01
6.430000305175781250e+01
6.390000152587890625e+01
6.569999694824218750e+01
6.730000305175781250e+01
6.690000152587890625e+01
6.669999694824218750e+01
6.669999694824218750e+01
6.740000152587890625e+01
6.909999847412109375e+01
6.859999847412109375e+01
6.819999694824218750e+01
6.840000152587890625e+01
6.840000152587890625e+01
6.800000000000000000e+01
6.750000000000000000e+01
6.769999694824218750e+01
6.530000305175781250e+01
6.800000000000000000e+01
6.809999847412109375e+01
6.509999847412109375e+01
6.619999694824218750e+01
6.700000000000000000e+01
6.590000152587890625e+01
6.440000152587890625e+01
6.600000000000000000e+01
6.329999923706054688e+01
6.509999847412109375e+01
6.659999847412109375e+01
6.630000305175781250e+01
6.719999694824218750e+01
6.719999694824218750e+01
6.690000152587890625e+01
6.650000000000000000e+01
6.790000152587890625e+01
6.700000000000000000e+01
6.730000305175781250e+01
6.700000000000000000e+01
6.830000305175781250e+01
6.370000076293945312e+01
6.530000305175781250e+01
6.209999847412109375e+01
6.120000076293945312e+01
6.070000076293945312e+01
6.500000000000000000e+01
6.590000152587890625e+01
6.709999847412109375e+01
6.600000000000000000e+01
6.559999847412109375e+01
6.430000305175781250e+01
6.730000305175781250e+01
6.659999847412109375e+01
6.630000305175781250e+01
6.490000152587890625e+01
6.650000000000000000e+01
6.750000000000000000e+01
6.880000305175781250e+01
6.659999847412109375e+01
6.800000000000000000e+01
6.850000000000000000e+01
6.100000000000000000e+01
6.409999847412109375e+01
6.480000305175781250e+01
6.690000152587890625e+01
6.750000000000000000e+01
6.750000000000000000e+01
6.819999694824218750e+01
6.700000000000000000e+01
6.750000000000000000e+01
6.559999847412109375e+01
6.059999847412109375e+01
6.530000305175781250e+01
5.459999847412109375e+01
6.150000000000000000e+01
6.419999694824218750e+01
6.650000000000000000e+01
6.800000000000000000e+01
6.890000152587890625e+01
6.759999847412109375e+01
6.690000152587890625e+01
6.730000305175781250e+01
6.100000000000000000e+01
6.350000000000000000e+01
6.600000000000000000e+01
6.609999847412109375e+01
6.680000305175781250e+01
6.740000152587890625e+01
5.620000076293945312e+01
5.320000076293945312e+01
5.259999847412109375e+01
5.970000076293945312e+01
5.970000076293945312e+01
6.159999847412109375e+01
6.519999694824218750e+01
6.079999923706054688e+01
6.159999847412109375e+01
5.979999923706054688e+01
5.829999923706054688e+01
5.800000000000000000e+01
5.479999923706054688e+01
6.480000305175781250e+01
6.619999694824218750e+01
6.200000000000000000e+01
6.419999694824218750e+01
6.129999923706054688e+01
5.600000000000000000e+01
6.300000000000000000e+01
5.840000152587890625e+01
6.390000152587890625e+01
6.200000000000000000e+01
6.530000305175781250e+01
6.550000000000000000e+01
5.829999923706054688e+01
6.040000152587890625e+01
6.079999923706054688e+01
6.450000000000000000e+01
6.440000152587890625e+01
6.140000152587890625e+01
5.970000076293945312e+01
6.050000000000000000e+01
6.100000000000000000e+01
6.300000000000000000e+01
6.469999694824218750e+01
5.759999847412109375e+01
6.229999923706054688e+01
6.340000152587890625e+01
6.170000076293945312e+01
6.409999847412109375e+01
6.430000305175781250e+01
6.000000000000000000e+01
6.209999847412109375e+01
6.400000000000000000e+01
6.490000152587890625e+01
6.609999847412109375e+01
6.540000152587890625e+01
6.709999847412109375e+01
6.730000305175781250e+01
6.730000305175781250e+01
6.819999694824218750e+01
6.840000152587890625e+01
6.740000152587890625e+01
6.700000000000000000e+01
6.640000152587890625e+01
6.559999847412109375e+01
6.459999847412109375e+01
6.050000000000000000e+01
5.929999923706054688e+01
5.959999847412109375e+01
6.320000076293945312e+01
6.329999923706054688e+01
6.320000076293945312e+01
6.359999847412109375e+01
6.459999847412109375e+01
6.320000076293945312e+01
6.440000152587890625e+01
6.329999923706054688e+01
6.259999847412109375e+01
6.190000152587890625e+01
6.370000076293945312e+01
6.190000152587890625e+01
6.350000000000000000e+01
6.290000152587890625e+01
6.359999847412109375e+01
6.309999847412109375e+01
6.200000000000000000e+01
6.300000000000000000e+01
6.190000152587890625e+01
6.100000000000000000e+01
6.090000152587890625e+01
6.070000076293945312e+01
6.179999923706054688e+01
6.170000076293945312e+01
6.179999923706054688e+01
6.190000152587890625e+01
6.159999847412109375e+01
6.240000152587890625e+01
6.350000000000000000e+01
6.190000152587890625e+01
6.090000152587890625e+01
6.150000000000000000e+01
6.200000000000000000e+01
6.240000152587890625e+01
6.170000076293945312e+01
6.240000152587890625e+01
6.179999923706054688e+01
6.290000152587890625e+01
6.329999923706054688e+01
6.329999923706054688e+01
6.109999847412109375e+01
6.179999923706054688e+01
6.140000152587890625e+01
6.240000152587890625e+01
6.190000152587890625e+01
5.909999847412109375e+01
5.870000076293945312e+01
5.900000000000000000e+01
6.020000076293945312e+01
6.090000152587890625e+01
5.709999847412109375e+01
5.509999847412109375e+01
5.559999847412109375e+01
4.600000000000000000e+01
2.820000076293945312e+01
2.050000190734863281e+01
1.889999961853027344e+01
1.769999885559082031e+01
1.340000247955322266e+01
1.289999866485595703e+01
1.289999866485595703e+01
1.359999942779541016e+01
1.930000114440917969e+01
1.430000019073486328e+01
1.719999885559082031e+01
1.430000019073486328e+01
1.580000019073486328e+01
1.499999713897705078e+01
1.209999942779541016e+01
1.040000247955322266e+01
1.150000095367431641e+01
1.260000324249267578e+01
1.340000247955322266e+01
1.439999866485595703e+01
1.220000171661376953e+01
1.300000095367431641e+01
1.280000019073486328e+01
1.670000267028808594e+01
1.589999866485595703e+01
1.750000190734863281e+01
1.529999637603759766e+01
1.439999866485595703e+01
1.520000171661376953e+01
2.250000190734863281e+01
2.980000114440917969e+01
3.329999923706054688e+01
3.450000000000000000e+01
3.929999923706054688e+01
4.359999847412109375e+01
3.339999771118164062e+01
2.610000038146972656e+01
2.150000190734863281e+01
1.789999961853027344e+01
1.820000267028808594e+01
1.580000019073486328e+01
1.269999790191650391e+01
1.199999713897705078e+01
1.340000247955322266e+01
1.379999637603759766e+01
1.560000324249267578e+01
1.490000247955322266e+01
1.569999790191650391e+01
1.509999942779541016e+01
1.539999866485595703e+01
1.529999637603759766e+01
1.830000114440917969e+01
2.460000038146972656e+01
3.609999847412109375e+01
4.009999847412109375e+01
3.909999847412109375e+01
4.140000152587890625e+01
4.190000152587890625e+01
4.290000152587890625e+01
4.640000152587890625e+01
4.729999923706054688e+01
4.540000152587890625e+01
4.540000152587890625e+01
3.840000152587890625e+01
4.300000000000000000e+01
4.729999923706054688e+01
4.829999923706054688e+01
5.270000076293945312e+01
5.759999847412109375e+01
6.079999923706054688e+01
6.220000076293945312e+01
6.359999847412109375e+01
6.559999847412109375e+01
6.509999847412109375e+01
6.459999847412109375e+01
6.719999694824218750e+01
6.630000305175781250e+01
6.640000152587890625e+01
6.550000000000000000e+01
6.630000305175781250e+01
6.540000152587890625e+01
6.459999847412109375e+01
6.490000152587890625e+01
6.540000152587890625e+01
6.559999847412109375e+01
6.469999694824218750e+01
6.340000152587890625e+01
6.359999847412109375e+01
6.400000000000000000e+01
6.519999694824218750e+01
6.690000152587890625e+01
6.680000305175781250e+01
6.819999694824218750e+01
6.850000000000000000e+01
6.880000305175781250e+01
6.859999847412109375e+01
6.830000305175781250e+01
6.650000000000000000e+01
6.719999694824218750e+01
6.680000305175781250e+01
6.490000152587890625e+01
6.690000152587890625e+01
6.790000152587890625e+01
6.790000152587890625e+01
6.709999847412109375e+01
6.580000305175781250e+01
6.650000000000000000e+01
6.700000000000000000e+01
6.630000305175781250e+01
6.709999847412109375e+01
6.669999694824218750e+01
6.600000000000000000e+01
6.700000000000000000e+01
6.709999847412109375e+01
6.600000000000000000e+01
6.640000152587890625e+01
6.740000152587890625e+01
6.379999923706054688e+01
6.109999847412109375e+01
6.469999694824218750e+01
6.690000152587890625e+01
6.740000152587890625e+01
6.680000305175781250e+01
6.750000000000000000e+01
