6.599239349365234375e+01
6.609972381591796875e+01
6.586990356445312500e+01
6.499578094482421875e+01
6.434651184082031250e+01
6.442811584472656250e+01
6.490229797363281250e+01
6.536019134521484375e+01
6.576937103271484375e+01
6.618601226806640625e+01
6.643157958984375000e+01
6.593022155761718750e+01
6.593422698974609375e+01
6.621101379394531250e+01
6.594386291503906250e+01
6.586611175537109375e+01
6.593583679199218750e+01
6.571157836914062500e+01
6.588318634033203125e+01
6.580548095703125000e+01
6.574546813964843750e+01
6.575529479980468750e+01
6.554514312744140625e+01
6.551741027832031250e+01
6.547161865234375000e+01
6.552277374267578125e+01
6.528446197509765625e+01
6.496390533447265625e+01
6.468640136718750000e+01
6.390111541748046875e+01
6.321392059326171875e+01
6.328225326538085938e+01
6.167180252075195312e+01
6.080104446411132812e+01
6.216522979736328125e+01
6.261595153808593750e+01
6.356739044189453125e+01
6.383363342285156250e+01
5.872569274902343750e+01
5.027786254882812500e+01
4.116162490844726562e+01
3.106481170654296875e+01
2.790678787231445312e+01
2.517588806152343750e+01
2.322708320617675781e+01
2.181830406188964844e+01
2.048087501525878906e+01
1.680268669128417969e+01
1.408941364288330078e+01
1.258248996734619141e+01
1.069168949127197266e+01
1.074700641632080078e+01
8.923146247863769531e+00
8.004704475402832031e+00
9.804688453674316406e+00
1.047372531890869141e+01
9.873055458068847656e+00
9.838284492492675781e+00
9.273293495178222656e+00
1.089851093292236328e+01
1.208032703399658203e+01
1.160272312164306641e+01
1.138199329376220703e+01
1.155920886993408203e+01
1.169735431671142578e+01
1.229253864288330078e+01
1.238442707061767578e+01
1.238263797760009766e+01
1.205392551422119141e+01
1.244018650054931641e+01
1.356166553497314453e+01
1.307955265045166016e+01
1.237630939483642578e+01
1.172409534454345703e+01
1.253078937530517578e+01
1.212200260162353516e+01
1.126370716094970703e+01
1.237522983551025391e+01
1.214765262603759766e+01
1.324223804473876953e+01
1.344011402130126953e+01
1.385018634796142578e+01
1.392500019073486328e+01
1.395665836334228516e+01
1.474971866607666016e+01
1.479626560211181641e+01
1.570372867584228516e+01
1.610919761657714844e+01
1.648319816589355469e+01
1.706511878967285156e+01
1.620118904113769531e+01
1.603780937194824219e+01
1.562710666656494141e+01
1.565625858306884766e+01
1.678526878356933594e+01
1.925328636169433594e+01
1.828658866882324219e+01
1.757536888122558594e+01
2.185732841491699219e+01
2.600363922119140625e+01
2.689007377624511719e+01
3.964907455444335938e+01
4.741292953491210938e+01
5.633175659179687500e+01
6.268028259277343750e+01
6.298183441162109375e+01
6.391555023193359375e+01
6.459030914306640625e+01
6.512136077880859375e+01
6.639908599853515625e+01
6.750718688964843750e+01
6.809158325195312500e+01
6.881632995605468750e+01
6.943831634521484375e+01
6.986675262451171875e+01
6.998578643798828125e+01
6.980278778076171875e+01
6.978998565673828125e+01
6.946611022949218750e+01
6.892578125000000000e+01
6.887120819091796875e+01
6.895116424560546875e+01
6.914666748046875000e+01
6.909381103515625000e+01
6.920433807373046875e+01
6.935422515869140625e+01
6.945033264160156250e+01
6.970690155029296875e+01
6.971356964111328125e+01
6.963295745849609375e+01
6.942846679687500000e+01
6.928495788574218750e+01
6.922755432128906250e+01
6.912215423583984375e+01
6.919376373291015625e+01
6.919982147216796875e+01
6.923457336425781250e+01
6.932561492919921875e+01
6.935540008544921875e+01
6.904942321777343750e+01
6.899902343750000000e+01
6.884066772460937500e+01
6.855180358886718750e+01
6.864223480224609375e+01
6.878321838378906250e+01
6.887216949462890625e+01
6.894874572753906250e+01
6.906741333007812500e+01
6.904383087158203125e+01
6.903769683837890625e+01
6.909896087646484375e+01
6.928034973144531250e+01
6.939279937744140625e+01
6.941572570800781250e+01
6.942311859130859375e+01
6.920691680908203125e+01
6.912935638427734375e+01
6.912957763671875000e+01
6.905638885498046875e+01
6.899155426025390625e+01
6.899272155761718750e+01
6.933759307861328125e+01
6.937204742431640625e+01
6.929518890380859375e+01
6.899320983886718750e+01
6.866567993164062500e+01
6.861980438232421875e+01
6.851077270507812500e+01
6.866282653808593750e+01
6.888975524902343750e+01
6.908959197998046875e+01
6.934244537353515625e+01
6.952396392822265625e+01
6.955518341064453125e+01
6.964755249023437500e+01
6.967237091064453125e+01
6.947227478027343750e+01
6.940157318115234375e+01
6.960173034667968750e+01
6.948545074462890625e+01
6.961096191406250000e+01
6.958392333984375000e+01
6.943401336669921875e+01
6.946880340576171875e+01
6.948040771484375000e+01
6.945327758789062500e+01
6.954782104492187500e+01
6.950399017333984375e+01
6.939672851562500000e+01
6.942832183837890625e+01
6.948479461669921875e+01
6.958169555664062500e+01
6.961264038085937500e+01
6.976242065429687500e+01
6.982653045654296875e+01
6.977935028076171875e+01
6.976946258544921875e+01
6.976324462890625000e+01
6.975421905517578125e+01
6.993792724609375000e+01
6.994937896728515625e+01
6.964943695068359375e+01
6.953338623046875000e+01
6.946002197265625000e+01
6.946559143066406250e+01
6.968665313720703125e+01
6.967357635498046875e+01
6.935291290283203125e+01
6.932388305664062500e+01
6.955836486816406250e+01
6.966162872314453125e+01
6.976778411865234375e+01
6.974464416503906250e+01
6.963867950439453125e+01
6.948599243164062500e+01
6.931518554687500000e+01
6.910473632812500000e+01
6.906987762451171875e+01
6.913191223144531250e+01
6.936003112792968750e+01
6.981249237060546875e+01
6.984039306640625000e+01
6.968019866943359375e+01
6.968289184570312500e+01
6.946565246582031250e+01
6.924019622802734375e+01
6.903542327880859375e+01
6.907366180419921875e+01
6.943161773681640625e+01
7.003816223144531250e+01
7.040287780761718750e+01
7.048068237304687500e+01
7.025594329833984375e+01
7.002762603759765625e+01
6.981036376953125000e+01
6.956430053710937500e+01
6.922402191162109375e+01
6.870954132080078125e+01
6.850062561035156250e+01
6.842150878906250000e+01
6.858202362060546875e+01
6.886735534667968750e+01
6.929272460937500000e+01
6.949467468261718750e+01
6.960905456542968750e+01
6.932065582275390625e+01
6.913053131103515625e+01
6.902153015136718750e+01
6.882365417480468750e+01
6.873095703125000000e+01
6.841644287109375000e+01
6.877188873291015625e+01
6.852239227294921875e+01
6.763115692138671875e+01
6.706796264648437500e+01
6.726992034912109375e+01
6.730394744873046875e+01
6.742050933837890625e+01
6.806266784667968750e+01
6.808666229248046875e+01
6.813523101806640625e+01
6.826949310302734375e+01
6.844281768798828125e+01
6.824614715576171875e+01
6.835385894775390625e+01
6.848101806640625000e+01
6.808143615722656250e+01
6.779130554199218750e+01
6.721063995361328125e+01
6.707873535156250000e+01
6.704186248779296875e+01
6.695962524414062500e+01
6.684156036376953125e+01
6.678797149658203125e+01
6.667514038085937500e+01
6.655227661132812500e+01
6.666819763183593750e+01
6.653829956054687500e+01
6.661160278320312500e+01
6.646690368652343750e+01
6.630603790283203125e+01
6.646616363525390625e+01
6.627657318115234375e+01
6.620591735839843750e+01
6.596977233886718750e+01
6.609998321533203125e+01
6.597786712646484375e+01
6.585075378417968750e+01
6.582791900634765625e+01
6.572905731201171875e+01
6.572208404541015625e+01
6.436739349365234375e+01
6.320598983764648438e+01
6.287313461303710938e+01
6.273622131347656250e+01
6.366151428222656250e+01
6.431863403320312500e+01
6.494108581542968750e+01
6.536023712158203125e+01
6.559828948974609375e+01
6.573841857910156250e+01
6.439722442626953125e+01
6.315315628051757812e+01
6.095168304443359375e+01
6.147164154052734375e+01
5.947439956665039062e+01
5.682769012451171875e+01
5.790157318115234375e+01
5.746977233886718750e+01
6.043611526489257812e+01
5.877514266967773438e+01
5.269694519042968750e+01
5.490422058105468750e+01
5.268227386474609375e+01
4.762259674072265625e+01
4.594736862182617188e+01
4.086731338500976562e+01
3.779657363891601562e+01
3.893637084960937500e+01
3.697854995727539062e+01
3.754206085205078125e+01
3.553625106811523438e+01
3.458666229248046875e+01
3.457103729248046875e+01
3.414550781250000000e+01
2.956564903259277344e+01
2.171885108947753906e+01
1.599795246124267578e+01
1.225440311431884766e+01
1.059006214141845703e+01
1.061385822296142578e+01
1.012271595001220703e+01
8.756688117980957031e+00
8.942547798156738281e+00
8.104043006896972656e+00
7.276196479797363281e+00
7.361016273498535156e+00
7.521901130676269531e+00
7.932892799377441406e+00
8.422669410705566406e+00
1.033869647979736328e+01
1.087040805816650391e+01
1.004320240020751953e+01
1.114048099517822266e+01
1.268443012237548828e+01
1.330436038970947266e+01
1.436152744293212891e+01
1.387001895904541016e+01
1.430386829376220703e+01
1.530733585357666016e+01
1.568289661407470703e+01
1.501348590850830078e+01
1.407128238677978516e+01
1.218634510040283203e+01
1.185226917266845703e+01
1.151945209503173828e+01
1.151504611968994141e+01
1.197002506256103516e+01
1.156012821197509766e+01
1.193123722076416016e+01
1.214101886749267578e+01
1.276823520660400391e+01
1.230563068389892578e+01
1.281545352935791016e+01
1.204754734039306641e+01
1.166057682037353516e+01
1.157792758941650391e+01
1.152005481719970703e+01
1.198230075836181641e+01
1.195523166656494141e+01
1.225796985626220703e+01
1.458400058746337891e+01
1.541552448272705078e+01
1.450187397003173828e+01
1.270832157135009766e+01
1.294802188873291016e+01
1.664151954650878906e+01
1.611651420593261719e+01
1.605388069152832031e+01
1.693192100524902344e+01
1.712327766418457031e+01
1.731044197082519531e+01
1.772037696838378906e+01
2.246015739440917969e+01
3.543623352050781250e+01
4.421679687500000000e+01
5.162684249877929688e+01
5.539025115966796875e+01
5.661135482788085938e+01
6.228285217285156250e+01
6.480532836914062500e+01
6.573154449462890625e+01
6.671285247802734375e+01
6.702311706542968750e+01
6.719078063964843750e+01
6.742116546630859375e+01
6.751528167724609375e+01
6.743192291259765625e+01
6.727757263183593750e+01
6.710314178466796875e+01
6.744473266601562500e+01
6.771845245361328125e+01
6.815641784667968750e+01
6.879593658447265625e+01
6.892613220214843750e+01
6.912360382080078125e+01
6.903562164306640625e+01
6.911597442626953125e+01
6.915055084228515625e+01
6.938344573974609375e+01
6.917292785644531250e+01
6.894995880126953125e+01
6.901467132568359375e+01
6.924378967285156250e+01
6.960716247558593750e+01
6.982989501953125000e+01
6.998413085937500000e+01
6.996086120605468750e+01
6.987113952636718750e+01
6.995105743408203125e+01
6.964170074462890625e+01
6.949979400634765625e+01
6.937192535400390625e+01
6.928310394287109375e+01
6.947166442871093750e+01
6.927631378173828125e+01
6.918386840820312500e+01
6.923345947265625000e+01
6.922109222412109375e+01
6.833956909179687500e+01
6.808335113525390625e+01
6.774563598632812500e+01
6.715763092041015625e+01
6.726092529296875000e+01
6.779808807373046875e+01
6.842414093017578125e+01
6.865656280517578125e+01
6.912936401367187500e+01
6.924551391601562500e+01
6.896249389648437500e+01
6.906294250488281250e+01
6.929374694824218750e+01
6.969113159179687500e+01
6.980130767822265625e+01
6.948089599609375000e+01
6.917728424072265625e+01
6.896768951416015625e+01
6.901032257080078125e+01
6.900971984863281250e+01
7.003649902343750000e+01
7.027587127685546875e+01
6.968447875976562500e+01
6.944174957275390625e+01
6.927050781250000000e+01
6.900523376464843750e+01
6.920093536376953125e+01
6.933900451660156250e+01
6.946198272705078125e+01
6.946578216552734375e+01
6.946683502197265625e+01
6.934198760986328125e+01
6.906285095214843750e+01
6.912985992431640625e+01
6.896161651611328125e+01
6.891144561767578125e+01
6.896743011474609375e+01
6.899716186523437500e+01
6.904803466796875000e+01
6.899771118164062500e+01
6.907390594482421875e+01
6.919561767578125000e+01
6.940045928955078125e+01
6.924236297607421875e+01
6.913222503662109375e+01
6.925491333007812500e+01
6.918824768066406250e+01
6.865212249755859375e+01
6.837992858886718750e+01
6.847478485107421875e+01
6.868668365478515625e+01
6.898112487792968750e+01
6.934473419189453125e+01
6.956908416748046875e+01
6.972052764892578125e+01
6.977131652832031250e+01
6.963804626464843750e+01
6.942523956298828125e+01
6.940492248535156250e+01
6.932073974609375000e+01
6.940950012207031250e+01
6.945220947265625000e+01
6.944890594482421875e+01
6.939550781250000000e+01
6.934453582763671875e+01
6.934369659423828125e+01
6.940641021728515625e+01
6.950550842285156250e+01
6.955597686767578125e+01
6.947243499755859375e+01
6.951277923583984375e+01
6.957601165771484375e+01
6.938594055175781250e+01
6.922991943359375000e+01
6.930992126464843750e+01
6.896724700927734375e+01
6.900501251220703125e+01
6.901828002929687500e+01
6.897674560546875000e+01
6.922994995117187500e+01
6.883391571044921875e+01
6.860800933837890625e+01
6.794178771972656250e+01
6.740346527099609375e+01
6.728959655761718750e+01
6.676860809326171875e+01
6.603079223632812500e+01
6.678102111816406250e+01
6.840814971923828125e+01
6.943090057373046875e+01
7.007434082031250000e+01
6.969075775146484375e+01
6.919567108154296875e+01
6.842577362060546875e+01
6.755706024169921875e+01
6.674038696289062500e+01
6.656060028076171875e+01
6.692342376708984375e+01
6.711998748779296875e+01
6.780081939697265625e+01
6.817252349853515625e+01
6.815328216552734375e+01
6.807338714599609375e+01
6.799004364013671875e+01
6.808257293701171875e+01
6.831957244873046875e+01
6.805344390869140625e+01
6.797129058837890625e+01
6.762266540527343750e+01
6.720999908447265625e+01
6.716659545898437500e+01
6.716728973388671875e+01
6.703285980224609375e+01
6.719937133789062500e+01
6.721231079101562500e+01
6.739479827880859375e+01
6.763627624511718750e+01
6.801109313964843750e+01
6.810463714599609375e+01
6.822359466552734375e+01
6.821423339843750000e+01
6.784101104736328125e+01
6.771648406982421875e+01
6.782707977294921875e+01
6.799169921875000000e+01
6.802674865722656250e+01
6.773149108886718750e+01
6.723796081542968750e+01
6.683230590820312500e+01
6.680797576904296875e+01
6.707078552246093750e+01
6.723133087158203125e+01
6.731246948242187500e+01
6.714933013916015625e+01
6.685128021240234375e+01
6.640327453613281250e+01
6.603482818603515625e+01
6.601514434814453125e+01
6.581986999511718750e+01
6.571224212646484375e+01
6.574002075195312500e+01
6.584963226318359375e+01
6.571553802490234375e+01
6.526953887939453125e+01
6.413860321044921875e+01
6.433310699462890625e+01
6.497406768798828125e+01
6.477445983886718750e+01
6.489639282226562500e+01
6.516400909423828125e+01
6.551060485839843750e+01
6.587310028076171875e+01
6.615348815917968750e+01
6.635232543945312500e+01
6.685775756835937500e+01
6.750428771972656250e+01
6.797599792480468750e+01
6.848858642578125000e+01
6.880156707763671875e+01
6.880190277099609375e+01
6.869937896728515625e+01
6.778007507324218750e+01
6.722720336914062500e+01
6.683320617675781250e+01
6.665170288085937500e+01
6.613603973388671875e+01
6.609754943847656250e+01
6.576825714111328125e+01
6.546392059326171875e+01
6.546633148193359375e+01
6.549085235595703125e+01
6.527980804443359375e+01
6.519066619873046875e+01
6.531205749511718750e+01
6.526871490478515625e+01
6.504974365234375000e+01
6.491896057128906250e+01
6.485478973388671875e+01
6.481947326660156250e+01
6.505301666259765625e+01
6.484323883056640625e+01
6.353019332885742188e+01
6.281535339355468750e+01
6.283647918701171875e+01
6.341670227050781250e+01
6.358630371093750000e+01
6.345587158203125000e+01
6.326569747924804688e+01
6.347760772705078125e+01
6.179472351074218750e+01
5.713662338256835938e+01
4.872832870483398438e+01
2.791894149780273438e+01
1.907747077941894531e+01
1.464476490020751953e+01
1.397207736968994141e+01
1.427441120147705078e+01
1.335623645782470703e+01
1.194613361358642578e+01
1.189708805084228516e+01
1.269744968414306641e+01
1.522294712066650391e+01
1.431086826324462891e+01
1.374805545806884766e+01
1.395550632476806641e+01
1.266619968414306641e+01
1.309591770172119141e+01
1.412808704376220703e+01
1.241243839263916016e+01
1.207325077056884766e+01
1.196819782257080078e+01
1.373943042755126953e+01
1.294609546661376953e+01
1.072961521148681641e+01
1.072321414947509766e+01
1.123059558868408203e+01
1.184426593780517578e+01
1.262187290191650391e+01
1.313445377349853516e+01
1.378742694854736328e+01
1.317457294464111328e+01
1.397716236114501953e+01
1.395653629302978516e+01
1.326459217071533203e+01
1.401152896881103516e+01
1.396537494659423828e+01
1.361821842193603516e+01
1.306066608428955078e+01
1.196590518951416016e+01
1.284327793121337891e+01
1.350287342071533203e+01
1.291516590118408203e+01
1.332840824127197266e+01
1.617787742614746094e+01
2.078643226623535156e+01
2.338088417053222656e+01
2.744240951538085938e+01
3.547364425659179688e+01
3.677862930297851562e+01
5.131738281250000000e+01
5.707099151611328125e+01
5.975444412231445312e+01
6.259406661987304688e+01
6.138705444335937500e+01
6.274411392211914062e+01
6.207076644897460938e+01
5.277990722656250000e+01
5.055089187622070312e+01
5.651654815673828125e+01
6.119525146484375000e+01
6.526134490966796875e+01
6.688839721679687500e+01
6.783947753906250000e+01
6.831977844238281250e+01
6.856419372558593750e+01
6.850321960449218750e+01
6.816551971435546875e+01
6.750513458251953125e+01
6.635190582275390625e+01
6.331079483032226562e+01
5.821724700927734375e+01
6.316567230224609375e+01
6.541509246826171875e+01
6.780190277099609375e+01
6.962031555175781250e+01
6.987172698974609375e+01
6.963355255126953125e+01
6.916323852539062500e+01
6.884425354003906250e+01
6.857257080078125000e+01
6.854309082031250000e+01
6.869084930419921875e+01
6.886557769775390625e+01
6.913037872314453125e+01
6.926298522949218750e+01
6.910388183593750000e+01
6.927465057373046875e+01
6.914157867431640625e+01
6.917200469970703125e+01
6.929244232177734375e+01
6.921937561035156250e+01
6.927634429931640625e+01
6.913488006591796875e+01
6.905349731445312500e+01
6.919880676269531250e+01
6.921287536621093750e+01
6.920042419433593750e+01
6.914820861816406250e+01
6.893602752685546875e+01
6.882161712646484375e+01
6.868840026855468750e+01
6.858878326416015625e+01
6.860753631591796875e+01
6.856327056884765625e+01
6.865579986572265625e+01
6.884580993652343750e+01
6.880448150634765625e+01
6.883558654785156250e+01
6.879163360595703125e+01
6.862668609619140625e+01
6.868106079101562500e+01
6.877861785888671875e+01
6.900556182861328125e+01
6.909886169433593750e+01
6.881119537353515625e+01
6.852220916748046875e+01
6.835573577880859375e+01
6.833894348144531250e+01
6.855766296386718750e+01
6.868331146240234375e+01
6.856370544433593750e+01
6.873364257812500000e+01
6.852603149414062500e+01
6.831179046630859375e+01
6.850222015380859375e+01
6.850753021240234375e+01
6.832587432861328125e+01
6.803131866455078125e+01
6.804685211181640625e+01
6.817465972900390625e+01
6.835501861572265625e+01
6.869883728027343750e+01
6.881358337402343750e+01
6.887557983398437500e+01
6.880952453613281250e+01
6.903796386718750000e+01
6.918607330322265625e+01
6.934423065185546875e+01
6.950605010986328125e+01
6.956720733642578125e+01
6.947023773193359375e+01
6.953955078125000000e+01
6.957170867919921875e+01
6.959678649902343750e+01
6.956129455566406250e+01
6.962544250488281250e+01
6.959043121337890625e+01
6.943146514892578125e+01
6.933352661132812500e+01
6.939891052246093750e+01
6.908180999755859375e+01
6.929730224609375000e+01
6.948285675048828125e+01
6.949578857421875000e+01
6.934614562988281250e+01
6.931610870361328125e+01
6.875156402587890625e+01
6.834844207763671875e+01
6.877912902832031250e+01
6.861437988281250000e+01
6.890806579589843750e+01
6.901664733886718750e+01
6.848950195312500000e+01
6.886051177978515625e+01
6.877841949462890625e+01
6.860639953613281250e+01
6.882904052734375000e+01
6.858887481689453125e+01
6.876127624511718750e+01
6.842597198486328125e+01
6.815055847167968750e+01
6.781614685058593750e+01
6.754154968261718750e+01
6.767203521728515625e+01
6.755738067626953125e+01
6.771027374267578125e+01
6.815113067626953125e+01
6.823837280273437500e+01
6.809818267822265625e+01
6.776824188232421875e+01
6.748867034912109375e+01
6.754701232910156250e+01
6.754365539550781250e+01
6.750951385498046875e+01
6.769805145263671875e+01
6.798125457763671875e+01
6.905240631103515625e+01
7.017090606689453125e+01
7.072139739990234375e+01
7.072396087646484375e+01
7.032461547851562500e+01
6.925379943847656250e+01
6.821608734130859375e+01
6.745912170410156250e+01
6.708875274658203125e+01
6.711939239501953125e+01
6.685774230957031250e+01
6.693185424804687500e+01
6.714646148681640625e+01
6.729137420654296875e+01
6.757016754150390625e+01
6.764670562744140625e+01
6.763139343261718750e+01
6.759831237792968750e+01
6.756256866455078125e+01
6.730213165283203125e+01
6.775495147705078125e+01
6.803108978271484375e+01
6.792434692382812500e+01
6.788209533691406250e+01
6.772648620605468750e+01
6.757344055175781250e+01
6.737860107421875000e+01
6.732244110107421875e+01
6.785107421875000000e+01
6.806827545166015625e+01
6.837833404541015625e+01
6.853706359863281250e+01
6.836310577392578125e+01
6.794963073730468750e+01
6.774655151367187500e+01
6.733644866943359375e+01
6.735454559326171875e+01
6.752669525146484375e+01
6.767170715332031250e+01
6.803237915039062500e+01
6.832266998291015625e+01
6.816394805908203125e+01
6.748506164550781250e+01
6.675778961181640625e+01
6.615310668945312500e+01
6.590068054199218750e+01
6.605821228027343750e+01
6.600846862792968750e+01
6.592469787597656250e+01
6.596527862548828125e+01
6.581983947753906250e+01
6.560544586181640625e+01
6.557465362548828125e+01
6.572817230224609375e+01
6.555450439453125000e+01
6.483275604248046875e+01
6.449009704589843750e+01
6.516956329345703125e+01
6.509249114990234375e+01
6.505255889892578125e+01
6.529811859130859375e+01
6.516552734375000000e+01
6.473818206787109375e+01
6.461817169189453125e+01
6.426844024658203125e+01
6.472283172607421875e+01
6.414135742187500000e+01
6.493652343750000000e+01
6.476914978027343750e+01
6.326872634887695312e+01
6.399871063232421875e+01
6.496485900878906250e+01
6.538455963134765625e+01
6.583692932128906250e+01
6.591730499267578125e+01
6.563353729248046875e+01
6.530154418945312500e+01
6.497856140136718750e+01
6.347836303710937500e+01
6.373113250732421875e+01
6.374305343627929688e+01
6.393280410766601562e+01
6.408549499511718750e+01
6.453562927246093750e+01
6.453276062011718750e+01
6.492246246337890625e+01
6.531836700439453125e+01
6.496842956542968750e+01
6.470375823974609375e+01
6.498194122314453125e+01
6.510212707519531250e+01
6.447251892089843750e+01
6.401221466064453125e+01
6.070246505737304688e+01
5.765954589843750000e+01
6.187799835205078125e+01
6.253554916381835938e+01
6.217792892456054688e+01
6.305036544799804688e+01
6.042586898803710938e+01
4.866453552246093750e+01
4.374562454223632812e+01
3.345901870727539062e+01
3.050878906250000000e+01
3.000492858886718750e+01
3.265723037719726562e+01
3.156253433227539062e+01
2.751956558227539062e+01
2.342581367492675781e+01
1.958274650573730469e+01
1.449349308013916016e+01
1.082050418853759766e+01
1.228191471099853516e+01
1.768409156799316406e+01
1.697906303405761719e+01
1.562286853790283203e+01
1.640205192565917969e+01
1.760148048400878906e+01
1.890371513366699219e+01
1.982756996154785156e+01
2.079778099060058594e+01
2.123150062561035156e+01
2.175153541564941406e+01
2.157478523254394531e+01
2.311467552185058594e+01
2.399727821350097656e+01
2.467105484008789062e+01
2.119996070861816406e+01
1.928056144714355469e+01
1.784451484680175781e+01
1.818233299255371094e+01
1.630083274841308594e+01
1.384986209869384766e+01
1.224014759063720703e+01
1.203721714019775391e+01
1.256719303131103516e+01
1.272435474395751953e+01
1.478637027740478516e+01
1.531119251251220703e+01
1.544112491607666016e+01
1.582491397857666016e+01
1.556377887725830078e+01
1.598526859283447266e+01
1.598884677886962891e+01
1.469425296783447266e+01
1.383815860748291016e+01
1.558730792999267578e+01
1.651857566833496094e+01
1.678775215148925781e+01
2.152707862854003906e+01
2.322600364685058594e+01
2.317521476745605469e+01
2.473712158203125000e+01
2.753175926208496094e+01
2.986973190307617188e+01
3.713779830932617188e+01
4.831739425659179688e+01
5.498479843139648438e+01
6.242745971679687500e+01
6.427268218994140625e+01
6.576871490478515625e+01
6.659620666503906250e+01
6.692402648925781250e+01
6.670037841796875000e+01
6.606090545654296875e+01
6.605782318115234375e+01
6.610648345947265625e+01
6.680641937255859375e+01
6.722815704345703125e+01
6.776062011718750000e+01
6.805321502685546875e+01
6.836533355712890625e+01
6.880937957763671875e+01
6.906183624267578125e+01
6.905554962158203125e+01
6.917432403564453125e+01
6.911762237548828125e+01
6.919560241699218750e+01
6.924404907226562500e+01
6.945008087158203125e+01
6.937561798095703125e+01
6.902871704101562500e+01
6.904532623291015625e+01
6.881571197509765625e+01
6.893296051025390625e+01
6.907232666015625000e+01
6.936954498291015625e+01
6.965498352050781250e+01
6.963706970214843750e+01
6.985248565673828125e+01
6.993291473388671875e+01
6.990259552001953125e+01
6.989214324951171875e+01
6.982643890380859375e+01
6.958583831787109375e+01
6.943746185302734375e+01
6.950102996826171875e+01
6.933374786376953125e+01
6.948249816894531250e+01
6.924106597900390625e+01
6.914955902099609375e+01
6.913166809082031250e+01
6.907476806640625000e+01
6.931919860839843750e+01
6.917300415039062500e+01
6.909822082519531250e+01
6.911262512207031250e+01
6.943246459960937500e+01
6.959864044189453125e+01
6.944503784179687500e+01
6.956205749511718750e+01
6.940560150146484375e+01
6.909194946289062500e+01
6.925938415527343750e+01
6.911637878417968750e+01
6.925920104980468750e+01
6.934176635742187500e+01
6.890730285644531250e+01
6.880724334716796875e+01
6.910002136230468750e+01
6.917890167236328125e+01
6.952223205566406250e+01
6.977454376220703125e+01
6.930841064453125000e+01
6.906237792968750000e+01
6.891685485839843750e+01
6.839363861083984375e+01
6.830551147460937500e+01
6.876441192626953125e+01
6.871718597412109375e+01
6.908486938476562500e+01
6.919293975830078125e+01
6.888488006591796875e+01
6.870436859130859375e+01
6.859465026855468750e+01
6.863717651367187500e+01
6.878601837158203125e+01
6.881234741210937500e+01
6.920101928710937500e+01
6.953460693359375000e+01
6.964798736572265625e+01
6.981282043457031250e+01
6.990576934814453125e+01
7.004534149169921875e+01
6.985656738281250000e+01
6.910477447509765625e+01
6.923664855957031250e+01
6.913246154785156250e+01
6.903548431396484375e+01
6.933869934082031250e+01
6.936605072021484375e+01
6.938063812255859375e+01
6.945484161376953125e+01
6.937243652343750000e+01
6.943334960937500000e+01
6.943010711669921875e+01
6.935162353515625000e+01
6.928387451171875000e+01
6.925583648681640625e+01
6.927252960205078125e+01
6.941818237304687500e+01
6.925896453857421875e+01
6.927648925781250000e+01
6.910794830322265625e+01
6.901826477050781250e+01
6.905434417724609375e+01
6.909084320068359375e+01
6.931372070312500000e+01
6.899648284912109375e+01
6.914901733398437500e+01
6.903392028808593750e+01
6.867891693115234375e+01
6.875850677490234375e+01
6.879124450683593750e+01
6.856675720214843750e+01
6.865110778808593750e+01
6.872753143310546875e+01
6.852037811279296875e+01
6.820509338378906250e+01
6.831905364990234375e+01
6.756061553955078125e+01
6.749416351318359375e+01
6.788840484619140625e+01
6.815323638916015625e+01
6.874259948730468750e+01
6.880277252197265625e+01
6.913378143310546875e+01
7.033193969726562500e+01
7.126620483398437500e+01
7.178532409667968750e+01
7.184165191650390625e+01
7.147483062744140625e+01
7.105750274658203125e+01
6.999380493164062500e+01
6.889302825927734375e+01
6.836434173583984375e+01
6.801200103759765625e+01
6.774871826171875000e+01
6.775833129882812500e+01
6.764490509033203125e+01
6.774938964843750000e+01
6.777795410156250000e+01
6.674633026123046875e+01
6.708753204345703125e+01
6.787549591064453125e+01
6.779568481445312500e+01
6.846940612792968750e+01
6.836714172363281250e+01
6.802414703369140625e+01
6.779006958007812500e+01
6.722425842285156250e+01
6.711620330810546875e+01
6.700693511962890625e+01
6.699382019042968750e+01
6.706459045410156250e+01
6.717967224121093750e+01
6.744422912597656250e+01
6.714582824707031250e+01
6.610308837890625000e+01
5.709021377563476562e+01
5.074751663208007812e+01
5.149900054931640625e+01
4.903299713134765625e+01
4.925566864013671875e+01
5.199962615966796875e+01
5.442280960083007812e+01
5.168750381469726562e+01
5.182018661499023438e+01
6.439772033691406250e+01
6.615779876708984375e+01
6.689580535888671875e+01
6.746524810791015625e+01
6.712399291992187500e+01
6.684835815429687500e+01
6.666940307617187500e+01
6.609254455566406250e+01
6.590462493896484375e+01
6.583182525634765625e+01
6.560763549804687500e+01
6.546733856201171875e+01
6.578739166259765625e+01
6.588784790039062500e+01
6.572090911865234375e+01
6.574842071533203125e+01
6.588777160644531250e+01
6.560578918457031250e+01
6.563432312011718750e+01
6.557688140869140625e+01
6.452893066406250000e+01
6.385282516479492188e+01
6.236518478393554688e+01
6.155207061767578125e+01
6.351417160034179688e+01
6.410401916503906250e+01
6.382868957519531250e+01
6.449274444580078125e+01
6.372449493408203125e+01
6.376528167724609375e+01
6.502005767822265625e+01
6.541084289550781250e+01
6.575455474853515625e+01
6.552510070800781250e+01
6.486376190185546875e+01
6.362298202514648438e+01
6.312345123291015625e+01
6.366971206665039062e+01
6.352356719970703125e+01
6.335257720947265625e+01
6.423287963867187500e+01
6.479875946044921875e+01
6.295733261108398438e+01
6.287630081176757812e+01
6.281230926513671875e+01
6.055134582519531250e+01
6.069886398315429688e+01
6.166008377075195312e+01
6.125013351440429688e+01
5.888389205932617188e+01
5.675377273559570312e+01
4.946910476684570312e+01
3.594206619262695312e+01
3.826744079589843750e+01
4.150376129150390625e+01
4.265854644775390625e+01
4.461074829101562500e+01
4.795678710937500000e+01
4.286130905151367188e+01
4.225948333740234375e+01
3.381567764282226562e+01
2.985189437866210938e+01
3.207932662963867188e+01
3.105888938903808594e+01
1.882714271545410156e+01
1.605183982849121094e+01
1.599033451080322266e+01
1.570602893829345703e+01
1.589437198638916016e+01
1.253089618682861328e+01
1.197962665557861328e+01
1.334660816192626953e+01
1.124842929840087891e+01
9.874299049377441406e+00
9.363995552062988281e+00
9.657132148742675781e+00
9.199643135070800781e+00
8.510056495666503906e+00
9.734166145324707031e+00
1.011824131011962891e+01
9.659649848937988281e+00
9.953248023986816406e+00
1.055188465118408203e+01
9.925980567932128906e+00
9.484768867492675781e+00
1.117596530914306641e+01
1.265912342071533203e+01
1.263308048248291016e+01
1.220692920684814453e+01
1.216518878936767578e+01
1.233367252349853516e+01
1.277867603302001953e+01
1.316308307647705078e+01
1.301594638824462891e+01
1.345637989044189453e+01
1.385935306549072266e+01
1.310938739776611328e+01
1.288187885284423828e+01
1.292274951934814453e+01
1.338904666900634766e+01
1.344151401519775391e+01
1.393440341949462891e+01
1.385635089874267578e+01
1.370234012603759766e+01
1.454259204864501953e+01
1.511327457427978516e+01
1.670349693298339844e+01
1.556023120880126953e+01
1.476780033111572266e+01
1.586341953277587891e+01
1.800936317443847656e+01
2.295363044738769531e+01
2.161210441589355469e+01
2.054939842224121094e+01
2.288968467712402344e+01
2.517380523681640625e+01
2.498237037658691406e+01
3.065728759765625000e+01
4.000126266479492188e+01
5.176599884033203125e+01
5.976557540893554688e+01
6.443421173095703125e+01
6.611090850830078125e+01
6.633518981933593750e+01
6.658950805664062500e+01
6.691223144531250000e+01
6.710936737060546875e+01
6.757858276367187500e+01
6.792692565917968750e+01
6.787208557128906250e+01
6.793867492675781250e+01
6.821105957031250000e+01
6.845909118652343750e+01
6.848801422119140625e+01
6.829038238525390625e+01
6.817301940917968750e+01
6.818666839599609375e+01
6.839488983154296875e+01
6.834538269042968750e+01
6.833972930908203125e+01
6.857756042480468750e+01
6.897405242919921875e+01
6.921929931640625000e+01
6.913960266113281250e+01
6.957182312011718750e+01
6.977618408203125000e+01
6.971334075927734375e+01
6.978601837158203125e+01
6.971958923339843750e+01
6.959426116943359375e+01
6.948264312744140625e+01
6.923329925537109375e+01
6.916251373291015625e+01
6.905679321289062500e+01
6.908967590332031250e+01
6.908897399902343750e+01
6.917812347412109375e+01
6.909978485107421875e+01
6.875614929199218750e+01
6.836748504638671875e+01
6.849964141845703125e+01
6.852892303466796875e+01
6.881536102294921875e+01
6.919637298583984375e+01
6.922588348388671875e+01
6.932854461669921875e+01
6.944664001464843750e+01
6.928586578369140625e+01
6.924697113037109375e+01
6.911331939697265625e+01
6.871858978271484375e+01
6.867249298095703125e+01
6.877502441406250000e+01
6.883376312255859375e+01
6.886703491210937500e+01
6.889263916015625000e+01
6.858808898925781250e+01
6.856433868408203125e+01
6.865719604492187500e+01
6.889147949218750000e+01
6.923576354980468750e+01
6.922091674804687500e+01
6.900677490234375000e+01
6.882621765136718750e+01
6.874165344238281250e+01
6.845178222656250000e+01
6.836740875244140625e+01
6.842192077636718750e+01
6.862039184570312500e+01
6.874011230468750000e+01
6.888835906982421875e+01
6.883617401123046875e+01
6.874599456787109375e+01
6.907345581054687500e+01
6.907928466796875000e+01
6.919460296630859375e+01
6.920928192138671875e+01
6.924374389648437500e+01
6.894955444335937500e+01
6.828187561035156250e+01
6.878175354003906250e+01
6.888347625732421875e+01
6.905565643310546875e+01
6.942624664306640625e+01
6.911228179931640625e+01
6.914413452148437500e+01
6.923656463623046875e+01
6.893189239501953125e+01
6.897664642333984375e+01
6.940913391113281250e+01
6.935791015625000000e+01
6.893042755126953125e+01
6.907500457763671875e+01
6.920055389404296875e+01
6.933739471435546875e+01
6.962475585937500000e+01
6.955033874511718750e+01
6.949304199218750000e+01
6.936146545410156250e+01
6.899324035644531250e+01
6.892039489746093750e+01
6.895632171630859375e+01
6.842655944824218750e+01
6.872921752929687500e+01
6.865679168701171875e+01
6.882408142089843750e+01
6.896934509277343750e+01
6.878778839111328125e+01
6.935016632080078125e+01
6.960941314697265625e+01
6.980967712402343750e+01
7.009957885742187500e+01
7.001905822753906250e+01
7.007537078857421875e+01
6.924926757812500000e+01
6.893469238281250000e+01
6.908606719970703125e+01
6.902544403076171875e+01
6.945825195312500000e+01
6.972675323486328125e+01
6.944745635986328125e+01
6.870498657226562500e+01
6.793897247314453125e+01
6.752127075195312500e+01
6.799878692626953125e+01
6.835062408447265625e+01
6.968509674072265625e+01
7.089462280273437500e+01
7.145697021484375000e+01
7.171762847900390625e+01
7.130876159667968750e+01
7.029840087890625000e+01
6.939830017089843750e+01
6.826820373535156250e+01
6.674062347412109375e+01
6.525492858886718750e+01
6.486580657958984375e+01
6.459970855712890625e+01
6.494453430175781250e+01
6.589987945556640625e+01
6.634986877441406250e+01
6.710592651367187500e+01
6.766150665283203125e+01
6.807809448242187500e+01
6.830654144287109375e+01
6.826124572753906250e+01
6.817288970947265625e+01
6.795302581787109375e+01
6.732416534423828125e+01
6.693169403076171875e+01
6.695043945312500000e+01
6.687399291992187500e+01
6.695665740966796875e+01
6.714344024658203125e+01
6.736344909667968750e+01
6.752664184570312500e+01
6.792448425292968750e+01
6.801227569580078125e+01
6.773219299316406250e+01
6.775338745117187500e+01
6.795942687988281250e+01
6.782689666748046875e+01
6.796570587158203125e+01
6.785200500488281250e+01
6.762924194335937500e+01
6.750864410400390625e+01
6.763327026367187500e+01
6.750017547607421875e+01
6.693872070312500000e+01
6.673860168457031250e+01
6.608179473876953125e+01
6.627220916748046875e+01
6.595277404785156250e+01
6.599871826171875000e+01
6.604934692382812500e+01
6.591548919677734375e+01
6.587526702880859375e+01
6.560752105712890625e+01
6.572245025634765625e+01
6.595931243896484375e+01
6.583204650878906250e+01
6.626042938232421875e+01
6.625112915039062500e+01
6.603188323974609375e+01
6.624977111816406250e+01
6.600580596923828125e+01
6.574392700195312500e+01
6.519341278076171875e+01
6.487153625488281250e+01
6.487165069580078125e+01
6.441152954101562500e+01
6.517473602294921875e+01
6.542617034912109375e+01
6.554627990722656250e+01
6.567310333251953125e+01
6.630068206787109375e+01
6.738239288330078125e+01
6.806547546386718750e+01
6.860411071777343750e+01
6.866203308105468750e+01
6.817856597900390625e+01
6.733668518066406250e+01
6.687919616699218750e+01
6.608548736572265625e+01
6.563509368896484375e+01
6.608994293212890625e+01
6.599662780761718750e+01
6.538771057128906250e+01
6.359486007690429688e+01
6.371311187744140625e+01
6.257658767700195312e+01
6.075353240966796875e+01
6.314500045776367188e+01
6.295075988769531250e+01
6.379550933837890625e+01
6.498988342285156250e+01
6.444036865234375000e+01
6.475055694580078125e+01
6.481872558593750000e+01
6.466973114013671875e+01
6.509732818603515625e+01
6.449331665039062500e+01
6.148239135742187500e+01
5.803105926513671875e+01
5.444569015502929688e+01
5.084378814697265625e+01
5.321425628662109375e+01
5.244330596923828125e+01
5.391079330444335938e+01
5.703213119506835938e+01
5.524826049804687500e+01
4.367849349975585938e+01
3.631315612792968750e+01
2.798563575744628906e+01
2.283901786804199219e+01
2.277520942687988281e+01
2.289387702941894531e+01
1.896057319641113281e+01
1.362279987335205078e+01
1.161889362335205078e+01
1.196659946441650391e+01
1.256764316558837891e+01
1.250106143951416016e+01
1.353085041046142578e+01
1.688389396667480469e+01
1.760560035705566406e+01
2.036203575134277344e+01
2.429578590393066406e+01
3.328326416015625000e+01
3.562971115112304688e+01
3.163451385498046875e+01
2.583897972106933594e+01
2.818999099731445312e+01
2.990255165100097656e+01
2.839296722412109375e+01
2.954369926452636719e+01
3.490451431274414062e+01
3.549092483520507812e+01
3.800029373168945312e+01
3.888233184814453125e+01
3.764686203002929688e+01
3.762499618530273438e+01
3.430371475219726562e+01
3.049182891845703125e+01
2.454467964172363281e+01
2.213300514221191406e+01
2.271786689758300781e+01
2.084714698791503906e+01
1.907647514343261719e+01
1.892578697204589844e+01
1.958082389831542969e+01
2.010343742370605469e+01
1.602714347839355469e+01
1.568303394317626953e+01
1.502151203155517578e+01
1.577121448516845703e+01
1.900633811950683594e+01
1.961068534851074219e+01
1.994433784484863281e+01
2.074937248229980469e+01
2.255336570739746094e+01
2.481241798400878906e+01
2.362778282165527344e+01
3.475337600708007812e+01
4.675389480590820312e+01
5.394781494140625000e+01
6.201229476928710938e+01
6.418334197998046875e+01
6.502971649169921875e+01
6.545738983154296875e+01
6.564749145507812500e+01
6.538881683349609375e+01
6.545498657226562500e+01
6.585485839843750000e+01
6.637935638427734375e+01
6.679811096191406250e+01
6.704193878173828125e+01
6.713803863525390625e+01
6.726881408691406250e+01
6.726163482666015625e+01
6.762573242187500000e+01
6.777616882324218750e+01
6.798220062255859375e+01
6.826856994628906250e+01
6.844705200195312500e+01
6.850127410888671875e+01
6.836987304687500000e+01
6.856393432617187500e+01
6.876203918457031250e+01
6.857212829589843750e+01
6.850165557861328125e+01
6.859617614746093750e+01
6.892428588867187500e+01
6.932666778564453125e+01
6.965671539306640625e+01
6.987390136718750000e+01
6.988516998291015625e+01
6.965165710449218750e+01
6.993105316162109375e+01
6.982805633544921875e+01
6.973968505859375000e+01
6.996433258056640625e+01
6.978217315673828125e+01
6.960850524902343750e+01
6.926950836181640625e+01
6.873557281494140625e+01
6.816953277587890625e+01
6.812340545654296875e+01
6.831639099121093750e+01
6.826015472412109375e+01
6.841377258300781250e+01
6.875862121582031250e+01
6.877640533447265625e+01
6.861653900146484375e+01
6.870555877685546875e+01
6.857951354980468750e+01
6.858969879150390625e+01
6.871946716308593750e+01
6.878729248046875000e+01
6.886132812500000000e+01
6.883518981933593750e+01
6.884411621093750000e+01
6.874803924560546875e+01
6.897093963623046875e+01
6.898303222656250000e+01
6.913860321044921875e+01
6.936814117431640625e+01
6.943852996826171875e+01
6.925648498535156250e+01
6.911626434326171875e+01
6.886020660400390625e+01
6.848001861572265625e+01
6.825870513916015625e+01
6.849548339843750000e+01
6.886763000488281250e+01
6.903224182128906250e+01
6.908244323730468750e+01
6.894661712646484375e+01
6.886730957031250000e+01
6.907891845703125000e+01
6.917082214355468750e+01
6.928219604492187500e+01
6.923490142822265625e+01
6.924406433105468750e+01
6.949369812011718750e+01
6.964572143554687500e+01
6.954286956787109375e+01
6.974266052246093750e+01
6.973477172851562500e+01
6.907810974121093750e+01
6.900923919677734375e+01
6.901980590820312500e+01
6.908005523681640625e+01
6.933631134033203125e+01
6.947424316406250000e+01
6.955737304687500000e+01
6.948763275146484375e+01
6.955085754394531250e+01
6.942691040039062500e+01
6.903143310546875000e+01
6.921891021728515625e+01
6.856603240966796875e+01
6.859696197509765625e+01
6.898405456542968750e+01
6.904518890380859375e+01
6.943337249755859375e+01
6.971628570556640625e+01
6.981645965576171875e+01
6.981398010253906250e+01
6.981985473632812500e+01
6.939495086669921875e+01
6.929180145263671875e+01
6.947664642333984375e+01
6.925753784179687500e+01
6.936749267578125000e+01
6.935681915283203125e+01
6.852954864501953125e+01
6.807247161865234375e+01
6.779567718505859375e+01
6.798176574707031250e+01
6.821807861328125000e+01
6.850116729736328125e+01
6.883709716796875000e+01
6.879410552978515625e+01
6.895097351074218750e+01
6.906494140625000000e+01
6.883100891113281250e+01
6.872573089599609375e+01
6.813664245605468750e+01
6.855445098876953125e+01
6.895652008056640625e+01
6.870253753662109375e+01
6.901241302490234375e+01
6.848249053955078125e+01
6.802262878417968750e+01
6.839533996582031250e+01
6.795944213867187500e+01
6.869013977050781250e+01
6.890828704833984375e+01
6.921402740478515625e+01
7.009919738769531250e+01
6.871269226074218750e+01
6.758333587646484375e+01
6.669787597656250000e+01
6.668739318847656250e+01
6.707564544677734375e+01
6.745050048828125000e+01
6.749821472167968750e+01
6.774525451660156250e+01
6.776168823242187500e+01
6.810943603515625000e+01
6.882169342041015625e+01
6.800756072998046875e+01
6.777862548828125000e+01
6.774365234375000000e+01
6.700743865966796875e+01
6.728459930419921875e+01
6.728189849853515625e+01
6.625895690917968750e+01
6.597850799560546875e+01
6.602259063720703125e+01
6.588990783691406250e+01
6.638435363769531250e+01
6.691545104980468750e+01
6.739491271972656250e+01
6.799014282226562500e+01
6.821519470214843750e+01
6.819387817382812500e+01
6.788945007324218750e+01
6.745365142822265625e+01
6.729381561279296875e+01
6.719243621826171875e+01
6.661319732666015625e+01
6.650536346435546875e+01
6.586238098144531250e+01
6.556287384033203125e+01
6.534006500244140625e+01
6.537711334228515625e+01
6.563031768798828125e+01
6.573628997802734375e+01
6.624642181396484375e+01
6.640361785888671875e+01
6.626474761962890625e+01
6.619371795654296875e+01
6.574126434326171875e+01
6.539778137207031250e+01
6.372045135498046875e+01
6.331018829345703125e+01
6.249683761596679688e+01
6.309886169433593750e+01
6.320882415771484375e+01
6.320658874511718750e+01
6.441526031494140625e+01
6.470989227294921875e+01
6.548297119140625000e+01
6.550521850585937500e+01
6.551836395263671875e+01
6.544110107421875000e+01
6.498696899414062500e+01
6.436088562011718750e+01
6.330024719238281250e+01
6.306666946411132812e+01
6.226254272460937500e+01
5.958863449096679688e+01
5.838033294677734375e+01
6.079119873046875000e+01
5.987739944458007812e+01
5.302676773071289062e+01
5.532065963745117188e+01
5.183644485473632812e+01
5.057988357543945312e+01
5.741176223754882812e+01
6.062519073486328125e+01
5.933269119262695312e+01
5.935790252685546875e+01
5.560667419433593750e+01
5.203973007202148438e+01
4.229351806640625000e+01
3.796269607543945312e+01
3.747655868530273438e+01
3.900421524047851562e+01
3.552553939819335938e+01
2.661941909790039062e+01
2.840806770324707031e+01
3.254840850830078125e+01
3.775183105468750000e+01
4.365173339843750000e+01
3.800802230834960938e+01
3.183873176574707031e+01
2.588073730468750000e+01
1.953537559509277344e+01
1.320591068267822266e+01
1.202693653106689453e+01
1.093490314483642578e+01
9.775025367736816406e+00
7.237366676330566406e+00
6.993786811828613281e+00
7.191597938537597656e+00
7.991837501525878906e+00
9.111989021301269531e+00
8.825612068176269531e+00
1.007304477691650391e+01
9.341057777404785156e+00
9.856789588928222656e+00
1.017783832550048828e+01
9.434399604797363281e+00
9.142739295959472656e+00
9.639550209045410156e+00
1.054632663726806641e+01
1.137973499298095703e+01
1.176571369171142578e+01
1.239908695220947266e+01
1.308659458160400391e+01
1.361024951934814453e+01
1.555252933502197266e+01
1.561356449127197266e+01
1.681772041320800781e+01
1.627264976501464844e+01
1.603869438171386719e+01
1.607686805725097656e+01
1.817499351501464844e+01
2.036401176452636719e+01
2.065421485900878906e+01
2.098549461364746094e+01
2.233917427062988281e+01
2.362968635559082031e+01
2.142469978332519531e+01
2.035289573669433594e+01
2.132725334167480469e+01
1.966107749938964844e+01
1.921762657165527344e+01
1.690775871276855469e+01
1.567949008941650391e+01
1.426007556915283203e+01
1.460130405426025391e+01
1.471923542022705078e+01
1.449749469757080078e+01
1.326698780059814453e+01
1.275303745269775391e+01
1.288292789459228516e+01
1.298840808868408203e+01
1.266424274444580078e+01
1.309779453277587891e+01
1.558785343170166016e+01
2.239528846740722656e+01
2.735531616210937500e+01
3.692560195922851562e+01
4.465243148803710938e+01
4.474072265625000000e+01
5.008098983764648438e+01
5.331035995483398438e+01
5.208461380004882812e+01
4.819560241699218750e+01
4.633050918579101562e+01
3.973752975463867188e+01
4.141036987304687500e+01
4.636648178100585938e+01
5.119313812255859375e+01
6.332878112792968750e+01
6.463655853271484375e+01
6.502930450439453125e+01
6.529773712158203125e+01
6.535951995849609375e+01
6.564797210693359375e+01
6.590980529785156250e+01
6.580067443847656250e+01
6.644567871093750000e+01
6.682059478759765625e+01
6.730356597900390625e+01
6.768360900878906250e+01
6.832228088378906250e+01
6.862247467041015625e+01
6.865728759765625000e+01
6.873413085937500000e+01
6.884327697753906250e+01
6.880234527587890625e+01
6.862923431396484375e+01
6.825753021240234375e+01
6.845037841796875000e+01
6.885043334960937500e+01
6.962277221679687500e+01
7.075708770751953125e+01
7.140962982177734375e+01
7.164849853515625000e+01
7.169412231445312500e+01
7.152739715576171875e+01
7.138147735595703125e+01
7.123899841308593750e+01
7.082726287841796875e+01
7.048893737792968750e+01
7.005394744873046875e+01
6.961774444580078125e+01
6.956066894531250000e+01
6.949053192138671875e+01
6.948236846923828125e+01
6.968389892578125000e+01
6.974283599853515625e+01
6.978395843505859375e+01
6.976085662841796875e+01
6.949994659423828125e+01
6.963311004638671875e+01
6.955575561523437500e+01
6.911469268798828125e+01
6.914335632324218750e+01
6.917079925537109375e+01
6.902275848388671875e+01
6.901091003417968750e+01
6.898430633544921875e+01
6.859011840820312500e+01
